1750546140434587136.000000 -0.000000000 0.000000000 0.000000002 -0.000000030 0.000000001 -0.000000005 1.000000000
1750546140467928576.000000 -0.000299441 0.000206917 0.000882470 -0.001583918 0.000690848 -0.000548160 0.999998391
1750546140534613248.000000 0.000931613 0.000916333 0.002039695 -0.003371174 0.001406142 -0.001053044 0.999992847
1750546140567955456.000000 0.001536282 0.001539496 0.002520461 -0.003865244 0.001518698 -0.001198162 0.999990642
1750546140601298176.000000 0.000545534 0.000366671 0.003048729 -0.004429723 0.002170963 -0.000790293 0.999987543
1750546140634640384.000000 0.000775345 -0.000493975 0.002509136 -0.004226905 0.002579140 -0.000310451 0.999987721
1750546140701325056.000000 -0.001095790 -0.005243371 0.003622861 -0.003971378 0.004038798 -0.000311195 0.999983966
1750546140734667520.000000 0.000730407 0.000151097 0.001835448 -0.001437422 0.004128054 0.000937211 0.999990046
1750546140768009728.000000 0.001087776 -0.000774028 0.001932085 -0.000637618 0.004200951 0.001264426 0.999990165
1750546140801352192.000000 0.000285159 -0.002220033 0.002107963 -0.000326023 0.004396071 0.001476904 0.999989271
1750546140868036864.000000 0.002753060 -0.000703859 0.001530854 0.001007805 0.003693114 0.001781800 0.999991119
1750546140901378304.000000 0.002693850 -0.000921489 0.001539717 0.000908676 0.003597402 0.002034093 0.999991119
1750546140934720768.000000 0.001642622 0.000530015 0.002385649 0.001251894 0.003586776 0.002039357 0.999990761
1750546141001405440.000000 -0.000793267 -0.008628444 0.004744509 -0.002247421 0.003602860 0.001166350 0.999990344
1750546141034747904.000000 0.007514498 -0.007866910 0.005234012 -0.002527756 0.001237491 0.001393665 0.999995053
1750546141101432576.000000 0.006622603 -0.008660519 0.006624769 -0.003920619 0.000720427 0.001517087 0.999990940
1750546141134775040.000000 0.007551463 -0.008042715 0.007601967 -0.004289850 -0.000044421 0.001671315 0.999989390
1750546141201459968.000000 0.008933542 -0.008704027 0.008877592 -0.005443539 -0.001173439 0.001399973 0.999983549
1750546141268144896.000000 -0.001665555 -0.009049250 0.010545694 -0.006272071 0.000806983 0.001046114 0.999979496
1750546141301487104.000000 -0.000762038 -0.008189600 0.011002923 -0.006452293 0.000435018 0.000896778 0.999978781
1750546141368171264.000000 -0.003204642 -0.008249074 0.012162596 -0.007820477 0.000727363 0.000789572 0.999968827
1750546141401513216.000000 -0.002585803 -0.008831723 0.012511438 -0.008054591 -0.000335839 0.000529744 0.999967396
1750546141468198656.000000 -0.003117812 -0.007513782 0.012260101 -0.007583489 -0.001687793 0.000610130 0.999969661
1750546141501540864.000000 -0.003518177 -0.006754237 0.012357078 -0.007227428 -0.002096098 0.000771966 0.999971390
1750546141568225792.000000 0.000632052 -0.009303340 0.013468043 -0.008137076 -0.003457334 0.001797326 0.999959350
1750546141601568512.000000 0.000261054 -0.010205154 0.013755866 -0.008431328 -0.003485867 0.001835993 0.999956727
1750546141668253440.000000 -0.004233781 -0.008449427 0.014682934 -0.007879973 -0.002820256 0.002194165 0.999962568
1750546141701595904.000000 -0.003837158 -0.007477335 0.014579945 -0.007420141 -0.003234768 0.002198803 0.999964893
1750546141768281088.000000 -0.003225421 -0.007714433 0.015570535 -0.008344945 -0.003857220 0.002014992 0.999955773
1750546141801622528.000000 -0.003284493 -0.007992085 0.016086325 -0.008949074 -0.004146095 0.001737144 0.999949872
1750546141868307712.000000 0.004355529 -0.009446091 0.017164957 -0.010662516 -0.006785938 0.001750119 0.999918580
1750546141901650432.000000 0.004818224 -0.009311118 0.018041354 -0.011368252 -0.007460222 0.001507779 0.999906421
1750546141968335360.000000 0.004728217 -0.008699997 0.019523330 -0.011975534 -0.009192270 0.000868951 0.999885738
1750546142001678080.000000 0.005566862 -0.007648512 0.020381825 -0.011749771 -0.010697133 0.000602396 0.999873638
1750546142068361984.000000 0.005644800 -0.008616275 0.021072907 -0.012232005 -0.013359338 0.000857599 0.999835670
1750546142101704192.000000 0.005682292 -0.008072400 0.021666193 -0.012475305 -0.014834128 0.001039621 0.999811649
1750546142135046144.000000 0.009078297 -0.009622017 0.022168359 -0.013416722 -0.017345795 0.001179426 0.999758899
1750546142201730560.000000 0.010672543 -0.008320403 0.023871839 -0.013803496 -0.021549327 0.001845791 0.999670804
1750546142235071488.000000 0.007790582 -0.008625474 0.024443923 -0.014666772 -0.023111654 0.001644295 0.999624014
1750546142301755648.000000 0.016746257 -0.008125688 0.025052518 -0.016290456 -0.031304728 0.001969792 0.999375224
1750546142368439808.000000 0.012904137 -0.009621903 0.027986582 -0.019365011 -0.039398383 0.001485222 0.999034882
1750546142401782016.000000 0.018368695 -0.010293746 0.029028896 -0.021005070 -0.046196125 0.001465064 0.998710454
1750546142435123968.000000 0.019766428 -0.012254504 0.031245131 -0.023152875 -0.051901899 0.001458778 0.998382747
1750546142501808384.000000 0.022281328 -0.009935989 0.032469500 -0.025463974 -0.062616512 0.001895581 0.997710943
1750546142568492544.000000 0.005004658 -0.012221654 0.033588748 -0.028510677 -0.068019748 0.001508304 0.997275352
1750546142601834752.000000 0.007663864 -0.009275227 0.034517724 -0.028947843 -0.073850609 0.001966506 0.996847153
1750546142668518912.000000 0.028045204 -0.011191349 0.038893383 -0.032706019 -0.089891434 0.002853180 0.995410383
1750546142701860096.000000 0.028947482 -0.010452716 0.039872073 -0.033927098 -0.095653236 0.002888026 0.994832218
1750546142735202048.000000 0.029715113 -0.011041874 0.040450171 -0.035708651 -0.101788498 0.003092782 0.994160235
1750546142801886464.000000 -0.006105269 -0.028931530 0.038264934 -0.043633558 -0.104847990 0.001888526 0.993528843
1750546142868570880.000000 -0.007993627 -0.033521853 0.040440071 -0.047820531 -0.117697552 0.002353712 0.991894662
1750546142901913088.000000 -0.001523577 -0.029175218 0.040665377 -0.047608986 -0.126739800 0.003256620 0.990787506
1750546142968597248.000000 0.030383393 -0.011747179 0.045176629 -0.044653211 -0.150934145 0.004897295 0.987522721
1750546143001939456.000000 0.027566869 -0.010621559 0.044286750 -0.045148000 -0.158614933 0.004913792 0.986295581
1750546143068624384.000000 0.027528219 -0.008994136 0.044549309 -0.045601394 -0.176629186 0.004753341 0.983209074
1750546143135308032.000000 0.134700775 -0.008677901 0.062371962 -0.047447737 -0.212128431 0.005836371 0.976071894
1750546143168650496.000000 0.028476045 -0.007496576 0.049159341 -0.047362398 -0.205931410 0.004692554 0.977408350
1750546143235335168.000000 0.014391846 -0.014273670 0.041948363 -0.050443526 -0.220275164 0.005171996 0.974118888
1750546143268677632.000000 0.009489675 -0.013703405 0.040961500 -0.051263381 -0.228550822 0.005511963 0.972165763
1750546143335362560.000000 0.002183060 -0.014562520 0.039037656 -0.050981127 -0.246932238 0.006114135 0.967671514
1750546143368705024.000000 0.004775264 -0.012632526 0.039756786 -0.050609987 -0.258579373 0.006352829 0.964642465
1750546143435389952.000000 -0.004539584 -0.011678651 0.038923703 -0.051778700 -0.277717382 0.007159365 0.959239721
1750546143468732416.000000 -0.010597555 -0.011454254 0.037844852 -0.052921534 -0.286060870 0.007653698 0.956718326
1750546143502074880.000000 -0.018640345 -0.016354969 0.035421003 -0.055083312 -0.292053044 0.008221651 0.954779208
1750546143568758784.000000 -0.029573400 -0.016298626 0.032920334 -0.055876080 -0.304617584 0.009156473 0.950790346
1750546143602101248.000000 -0.035220988 -0.016630322 0.030626968 -0.055004004 -0.310532808 0.008755039 0.948929608
1750546143668786176.000000 -0.050782226 -0.016593298 0.020086797 -0.052649256 -0.322521627 0.007749933 0.945065022
1750546143702128896.000000 -0.056280866 -0.016364098 0.018564489 -0.050686918 -0.330019176 0.007550839 0.942582250
1750546143768813568.000000 -0.067330405 -0.014284182 0.013913783 -0.047523133 -0.343220562 0.008462705 0.938013673
1750546143802156288.000000 -0.072477639 -0.019230966 0.014513466 -0.048677713 -0.348530859 0.009411219 0.935985148
1750546143835498752.000000 -0.077521235 -0.017302845 0.013841897 -0.048378501 -0.353281379 0.009902156 0.934212923
1750546143902183936.000000 -0.089502931 -0.014707596 0.011315757 -0.048150618 -0.362953365 0.009865810 0.930510104
1750546143935526656.000000 -0.096153021 -0.013379150 0.009007292 -0.048175219 -0.368877769 0.009596073 0.928179026
1750546144002211328.000000 -0.121649489 -0.014313269 -0.009233220 -0.049772352 -0.377921104 0.008003632 0.924464345
1750546144035552768.000000 -0.124675989 -0.013306243 -0.004306776 -0.051047206 -0.385476559 0.008123863 0.921268761
1750546144068894976.000000 -0.128575057 -0.011766560 -0.002228742 -0.051891170 -0.392229140 0.008433936 0.918364048
1750546144135579136.000000 -0.133978575 -0.015795698 0.000646748 -0.055034671 -0.405582070 0.009732268 0.912348449
1750546144202263296.000000 -0.142122373 -0.013900793 0.002164077 -0.055855263 -0.419768453 0.010733130 0.905847430
1750546144235605760.000000 -0.146285608 -0.014261721 0.003758341 -0.055780593 -0.427059919 0.011734865 0.902424872
1750546144302289920.000000 -0.154861763 -0.014539151 0.006846264 -0.055639710 -0.441736490 0.013463819 0.895316660
1750546144335632128.000000 -0.159240410 -0.014941786 0.008884501 -0.056003205 -0.449238718 0.014850357 0.891531110
1750546144368974336.000000 -0.175115019 -0.018968880 -0.016296417 -0.055557329 -0.451279700 0.014877709 0.890527189
1750546144435658752.000000 -0.177673072 -0.019754052 0.011381008 -0.057590429 -0.470465183 0.016945457 0.880374253
1750546144469000192.000000 -0.182472527 -0.018215809 0.017840743 -0.058375061 -0.478717685 0.017539050 0.875850558
1750546144535684352.000000 -0.193949252 -0.014902936 0.028873652 -0.062477145 -0.494799584 0.017543854 0.866580784
1750546144569026816.000000 -0.199717864 -0.013264803 0.035574526 -0.064361028 -0.502847254 0.017517198 0.861797869
1750546144635711232.000000 -0.219027549 -0.014275535 0.035504200 -0.069073774 -0.515106976 0.016354052 0.854181588
1750546144669053440.000000 -0.224639893 -0.011121798 0.042812496 -0.071576223 -0.523097873 0.015876025 0.849113345
1750546144702395392.000000 -0.230785936 -0.008560507 0.050027952 -0.073335439 -0.531306744 0.015920294 0.843849301
1750546144769080064.000000 -0.243857965 -0.004737613 0.058485776 -0.074240386 -0.548377752 0.017612431 0.832742453
1750546144802422272.000000 -0.255206466 -0.007670072 0.037296981 -0.072986312 -0.552966714 0.019095482 0.829780817
1750546144869106944.000000 -0.270953417 -0.006559087 0.070552140 -0.073832259 -0.571475446 0.024176676 0.816933393
1750546144902447872.000000 -0.278963983 -0.004508579 0.081103221 -0.074424654 -0.579746723 0.025805166 0.810980141
1750546144935790336.000000 -0.287338167 -0.002722209 0.090244338 -0.074793644 -0.587554157 0.027551400 0.805249631
1750546145002474240.000000 -0.305896044 0.000176797 0.105435789 -0.076160319 -0.601457417 0.028738594 0.794746995
1750546145035814656.000000 -0.312979490 -0.003411795 0.090601891 -0.075760387 -0.606035471 0.027633108 0.791339278
1750546145069155072.000000 -0.324828416 0.000535450 0.103467792 -0.076452374 -0.613666773 0.028020315 0.785355389
1750546145135835648.000000 -0.343010247 0.001746485 0.114046842 -0.077257298 -0.627279758 0.027024213 0.774481177
1750546145169175808.000000 -0.351982057 0.002689710 0.118984818 -0.076378189 -0.633963346 0.027087687 0.769105434
1750546145235856640.000000 -0.367817640 0.002801835 0.126626670 -0.074319147 -0.645406663 0.028097991 0.759695649
1750546145269196544.000000 -0.376520127 -0.002851595 0.126786947 -0.073623084 -0.650221467 0.027969284 0.755651653
1750546145335876864.000000 -0.391374499 -0.001852863 0.132785797 -0.073969252 -0.660948873 0.028665040 0.746226251
1750546145369216256.000000 -0.399323344 -0.001747704 0.134460717 -0.073444515 -0.666526973 0.030302877 0.741235137
1750546145435896576.000000 -0.412618160 0.000669112 0.136912495 -0.071818955 -0.678908527 0.031304799 0.730031013
1750546145469236736.000000 -0.421791136 0.001635033 0.142102242 -0.072405778 -0.686141670 0.031128898 0.723186135
1750546145502576896.000000 -0.429425061 0.002412756 0.141759902 -0.072770730 -0.693130553 0.031326551 0.716444850
1750546145569257216.000000 -0.444591105 0.004063534 0.143216163 -0.074903816 -0.704491258 0.033310637 0.704962373
1750546145602597376.000000 -0.451833367 0.005625138 0.143787444 -0.075124174 -0.709028661 0.034837883 0.700300753
1750546145635937536.000000 -0.457117915 0.006870066 0.141379833 -0.075850889 -0.712824881 0.035937257 0.696301639
1750546145702617600.000000 -0.477615505 0.001826966 0.142822891 0.078730710 0.720551550 -0.038696975 -0.687829554
1750546145735958016.000000 -0.486626178 0.002303038 0.140436172 0.079071522 0.723974824 -0.040291935 -0.684094131
1750546145769298176.000000 -0.495897710 0.002416850 0.137489140 0.079655558 0.727122605 -0.041068103 -0.680632949
1750546145835976960.000000 -0.514775157 0.004743915 0.131321073 0.079915002 0.733140767 -0.040935181 -0.674123526
1750546145869317120.000000 -0.525126934 0.004906049 0.126894534 0.080006257 0.736107111 -0.039915934 -0.670933783
1750546145935997184.000000 -0.544731736 0.013618380 0.123127878 -0.078432798 -0.741991043 0.038825523 0.664673030
1750546145969337344.000000 -0.553758383 0.014211192 0.116641283 -0.076881930 -0.743825555 0.038522206 0.662818789
1750546146036018688.000000 -0.571545541 0.017097121 0.103871942 -0.072219528 -0.746676266 0.039867658 0.660052717
1750546146069359360.000000 -0.582073212 0.019317500 0.099754512 -0.071668901 -0.747999191 0.040574417 0.658570051
1750546146136040960.000000 -0.601728797 0.018789841 0.088454843 -0.068611898 -0.749850631 0.044636395 0.656524241
1750546146169381888.000000 -0.611445069 0.010009708 0.080055356 0.068338141 0.750196099 -0.045503166 -0.656098545
1750546146236062464.000000 -0.632915378 0.010881245 0.069428921 0.068135634 0.750687480 -0.049435575 -0.655272543
1750546146269403136.000000 -0.643914759 0.012159623 0.063694775 0.069554850 0.750646889 -0.049568020 -0.655159891
1750546146336084736.000000 -0.665342212 0.013375688 0.052492380 0.071910523 0.750034451 -0.050845910 -0.655508935
1750546146369425664.000000 -0.675247252 0.015008148 0.047486424 0.072960824 0.749721169 -0.051861085 -0.655671775
1750546146436107264.000000 -0.688105702 0.005133562 0.016945422 -0.075258926 -0.748431206 0.051205929 0.656935930
1750546146469448192.000000 -0.697572410 0.006209467 0.011524677 -0.075581357 -0.749114215 0.051858738 0.656068623
1750546146536129792.000000 -0.719735265 0.015219979 0.011244893 -0.078215979 -0.752633572 0.051371664 0.651756108
1750546146569470208.000000 -0.731027126 0.019172955 0.010436773 -0.079732805 -0.754596472 0.050485644 0.649367511
1750546146636151552.000000 -0.747810483 0.012227904 -0.007979035 -0.083011039 -0.757600784 0.046141043 0.645771801
1750546146669492480.000000 -0.763025045 0.025205966 -0.006950200 0.082780942 0.760644138 -0.045411143 -0.642266154
1750546146736172800.000000 -0.782398522 0.029932935 -0.009070456 0.083862856 0.766301930 -0.043756340 -0.635479212
1750546146769513472.000000 -0.790883362 0.031276673 -0.012313247 0.084727317 0.768716991 -0.042750482 -0.632509232
1750546146836194816.000000 -0.807241201 0.032571416 -0.019238412 0.085367285 0.773958743 -0.041507591 -0.626080990
1750546146869535744.000000 -0.814973950 0.034375351 -0.023092747 0.085411631 0.777035654 -0.041172720 -0.622274339
1750546146936216832.000000 -0.810339272 0.001787227 -0.078586876 -0.087912336 -0.779814720 0.037708934 0.618658662
1750546146969557504.000000 -0.835741520 0.028270464 -0.045248866 0.086068407 0.787698269 -0.039759848 -0.608722270
1750546147036239104.000000 -0.855218410 0.033107214 -0.047689319 0.085806608 0.798553586 -0.041123915 -0.594355345
1750546147069580288.000000 -0.865955710 0.035783522 -0.048507810 0.085875914 0.803853214 -0.042218596 -0.587080061
1750546147136261120.000000 -0.887035728 0.039861631 -0.051593781 0.086354516 0.813433707 -0.045272883 -0.573427439
1750546147169602304.000000 -0.897917986 0.041836061 -0.053851724 0.086085416 0.818016469 -0.048029639 -0.566684783
1750546147236284160.000000 -0.916649342 0.032879695 -0.068802714 0.085902303 0.826828361 -0.050598118 -0.553548217
1750546147269625088.000000 -0.929995060 0.034773633 -0.070169806 0.086403273 0.832272410 -0.052154500 -0.545102775
1750546147336306944.000000 -0.955528855 0.037799418 -0.074727058 0.085731857 0.841488242 -0.056381587 -0.530442059
1750546147369647872.000000 -0.968803763 0.040001981 -0.077236533 0.085565567 0.845594168 -0.057581075 -0.523768663
1750546147402988800.000000 -0.982207000 0.041779954 -0.080106020 0.085716121 0.849290252 -0.059240635 -0.517541766
1750546147469670912.000000 -1.008777738 0.043818485 -0.088052034 0.084785320 0.855888963 -0.061170027 -0.506481826
1750546147536352768.000000 -1.033798933 0.035923418 -0.101340771 0.084677830 0.861455917 -0.061372772 -0.496947587
1750546147569692672.000000 -1.046895742 0.039208654 -0.102483869 0.083634652 0.864762664 -0.062021501 -0.491267890
1750546147603033600.000000 -1.058519483 0.042282257 -0.105529904 0.082430825 0.868236721 -0.062066752 -0.485301852
1750546147669715456.000000 -1.079880357 0.044335198 -0.114653587 0.081686683 0.874738574 -0.060974680 -0.473753005
1750546147703056128.000000 -1.089278936 0.044902120 -0.119064093 0.081226386 0.877627432 -0.061792988 -0.468352556
1750546147769737728.000000 -1.107467651 0.046269670 -0.129478574 0.081675448 0.883273900 -0.059863504 -0.457791179
1750546147803078656.000000 -1.119485378 0.042846940 -0.139681578 0.083201207 0.885864735 -0.057004187 -0.452848554
1750546147869760256.000000 -1.136398315 0.043960541 -0.149930120 0.083516069 0.892475605 -0.055127148 -0.439856023
1750546147903100928.000000 -1.144626737 0.044967070 -0.155740857 0.084029935 0.895723820 -0.053690866 -0.433284163
1750546147969782784.000000 -1.158999205 0.047051899 -0.168735147 0.082941808 0.901387870 -0.053793993 -0.421576500
1750546148003123712.000000 -1.164787412 0.048236158 -0.174800038 0.082659319 0.903939366 -0.054220207 -0.416078538
1750546148069806336.000000 -1.177145958 0.050679043 -0.190148473 0.082347974 0.907777667 -0.055300061 -0.407554299
1750546148103148288.000000 -1.185474873 0.044526342 -0.202990294 0.083096832 0.909248948 -0.054883409 -0.404164732
1750546148169831680.000000 -1.198929548 0.049109910 -0.221096635 0.082960382 0.912518144 -0.054216679 -0.396848500
1750546148236515328.000000 -1.210952878 0.051998410 -0.240922928 0.080502160 0.915914416 -0.054220706 -0.389461637
1750546148269857024.000000 -1.216698170 0.053071059 -0.251217961 0.079390384 0.917325437 -0.054337587 -0.386340022
1750546148303198720.000000 -1.222293377 0.054500706 -0.262635827 0.077829741 0.918654442 -0.054977227 -0.383398086
1750546148369882368.000000 -1.222392559 0.046351433 -0.296846032 -0.075539187 -0.920466721 0.055693161 0.379385293
1750546148403224320.000000 -1.229338288 0.047691107 -0.306862593 -0.074465305 -0.921736121 0.057200205 0.376278669
1750546148469906688.000000 -1.239710689 0.048178416 -0.327675343 -0.071648940 -0.924037755 0.059361573 0.370805740
1750546148503248128.000000 -1.244776011 0.048690915 -0.338542819 -0.070901074 -0.925239205 0.059681378 0.367890805
1750546148536590080.000000 -1.254899740 0.042834744 -0.349179387 0.071280338 0.926601708 -0.060448356 -0.364244998
1750546148603273728.000000 -1.263759375 0.041745510 -0.368500710 0.071212031 0.928653002 -0.063039996 -0.358550489
1750546148636615424.000000 -1.268495798 0.040943567 -0.377533436 0.071812406 0.929582238 -0.064611301 -0.355731964
1750546148703299072.000000 -1.276289463 0.040705878 -0.396046519 0.072994523 0.930927336 -0.066370644 -0.351626426
1750546148769982464.000000 -1.282715797 0.041048661 -0.414728522 0.072687455 0.933525920 -0.067848824 -0.344445288
1750546148803324160.000000 -1.287118912 0.040974729 -0.423326135 0.072835676 0.935454786 -0.067987248 -0.339112312
1750546148870007808.000000 -1.295387864 0.037014566 -0.444183111 0.073925965 0.939588606 -0.066469759 -0.327551752
1750546148903348480.000000 -1.304258108 0.037938256 -0.448496222 0.074942082 0.941850305 -0.066453636 -0.320757955
1750546148936690176.000000 -1.310628772 0.038695101 -0.454843998 0.075180523 0.944225609 -0.066279761 -0.313676566
1750546149003373568.000000 -1.321345329 0.038248658 -0.469555855 0.076808639 0.948659420 -0.066048175 -0.299638778
1750546149036714240.000000 -1.326915979 0.038178012 -0.476873040 0.077866815 0.950786650 -0.066038541 -0.292541444
1750546149103396096.000000 -1.336310863 0.038987137 -0.493799686 0.079240538 0.954849362 -0.065093644 -0.278830618
1750546149136737024.000000 -1.340703964 0.039127555 -0.503501534 0.080378987 0.957050622 -0.063471891 -0.271228075
1750546149203418880.000000 -1.344053864 0.036563165 -0.530455232 0.081456639 0.961345077 -0.061087102 -0.255829841
1750546149236759552.000000 -1.351792336 0.038646195 -0.537802458 0.082187690 0.963790119 -0.059590776 -0.246582359
1750546149303441408.000000 -1.364210010 0.040876843 -0.556911707 0.082650661 0.968199730 -0.059344634 -0.228552803
1750546149336782336.000000 -1.370533347 0.043198239 -0.566923857 0.082930833 0.970219433 -0.058919344 -0.219830126
1750546149403462912.000000 -1.382461309 0.045330524 -0.589580536 0.084822163 0.973825455 -0.056065388 -0.203287631
1750546149436803840.000000 -1.389229417 0.045165107 -0.600443721 0.085298628 0.975544214 -0.056405131 -0.194566473
1750546149503485440.000000 -1.391599178 0.040052570 -0.629870534 -0.085743405 -0.978457332 0.057395041 0.178816289
1750546149536826112.000000 -1.402486324 0.040684320 -0.634464741 0.086461939 0.979823828 -0.059660897 -0.170030162
1750546149570167040.000000 -1.408932924 0.040725194 -0.643836379 0.086129516 0.981127799 -0.061229877 -0.161928609
1750546149636848640.000000 -1.420912027 0.040785562 -0.667151332 0.086470991 0.983333707 -0.061881352 -0.147473231
1750546149670189312.000000 -1.426464319 0.040734410 -0.677694082 0.086541146 0.984152794 -0.062566891 -0.141560361
1750546149736870656.000000 -1.436217070 0.039735727 -0.699613810 0.086023957 0.985631287 -0.064528696 -0.130257368
1750546149803551232.000000 -1.445699215 0.037540633 -0.722925663 0.086218357 0.987094104 -0.064096637 -0.118757464
1750546149836892160.000000 -1.450446725 0.035520162 -0.734601736 0.085610166 0.987933934 -0.064141944 -0.111996949
1750546149903573504.000000 -1.460136771 0.032044381 -0.764143705 0.084750973 0.989694297 -0.062383257 -0.097112834
1750546149936914176.000000 -1.465168715 0.032799356 -0.773914337 0.084145054 0.990661263 -0.061305400 -0.088042594
1750546149970254848.000000 -1.468733549 0.032609150 -0.785132885 0.083659314 0.991665125 -0.058936376 -0.078281678
1750546150036936192.000000 -1.473216891 0.032684900 -0.809337497 0.083723463 0.993299663 -0.055100482 -0.057534132
1750546150070277120.000000 -1.475564957 0.031005830 -0.819639921 0.083333939 0.993943930 -0.053776994 -0.047318522
1750546150136958720.000000 -1.477781057 0.029702514 -0.839987278 0.082961731 0.994902849 -0.049877457 -0.028249312
1750546150170299392.000000 -1.480120301 0.028274849 -0.848986208 0.083547391 0.995155811 -0.048485957 -0.018272776
1750546150236979712.000000 -1.480533838 0.025860846 -0.863688409 0.083114840 0.995302975 -0.049632650 0.000762276
1750546150270320640.000000 -1.478942513 0.025389567 -0.869822085 0.082113318 0.995232642 -0.051666934 0.010000223
1750546150303661056.000000 -1.477323294 0.025151074 -0.876467645 0.081195906 0.995102346 -0.052809548 0.019744368
1750546150370342400.000000 -1.470921636 0.025119379 -0.890902698 0.081164919 0.994474888 -0.054095037 0.038804948
1750546150437024000.000000 -1.463834882 0.025361076 -0.908299148 0.081711888 0.993782938 -0.053180922 0.053762976
1750546150470364672.000000 -1.450036049 0.023545071 -0.922028840 -0.080283664 -0.993678689 0.051804442 -0.058937456
1750546150503705344.000000 -1.456501842 0.025250867 -0.925293207 0.080318943 0.993163645 -0.051427875 0.067305297
1750546150570386432.000000 -1.445611238 0.024833485 -0.942128003 0.078423984 0.992332458 -0.050384630 0.081162550
1750546150603727360.000000 -1.431764364 0.023963481 -0.954326153 -0.076631851 -0.992044568 0.050593596 -0.086112991
1750546150637067776.000000 -1.425808311 0.023255587 -0.961832643 -0.075723074 -0.991603851 0.050932806 -0.091617167
1750546150670408448.000000 -1.419227839 0.022305250 -0.970538855 -0.075226039 -0.991107166 0.051803593 -0.096767999
1750546150703748096.000000 -1.411773920 0.021790132 -0.977521062 -0.074524738 -0.990624070 0.052913565 -0.101539075
1750546150737088768.000000 -1.412285924 0.021532521 -0.979922891 0.074474774 0.989965439 -0.053907625 0.107313052
1750546150803770112.000000 -1.386814833 0.018068016 -0.998360455 -0.073173948 -0.989159107 0.056440160 -0.114124805
1750546150837110528.000000 -1.350915790 0.011182949 -1.010280371 -0.072234392 -0.989312828 0.056736436 -0.113240719
1750546150870451200.000000 -1.377684474 0.012325317 -1.003122926 0.073806100 0.988238096 -0.057895146 0.120773904
1750546150903791616.000000 -1.371274114 0.011392742 -1.007909775 0.074207731 0.987729132 -0.059673212 0.123788379
1750546150937132288.000000 -1.363927841 0.009403065 -1.012032747 0.074492484 0.987196863 -0.062102847 0.126635045
1750546150970472704.000000 -1.355650663 0.008129969 -1.015688062 0.073757976 0.986742377 -0.064035505 0.129610240
1750546151003813632.000000 -1.346641064 0.007107764 -1.019550085 0.072488196 0.986243129 -0.065493993 0.133344024
1750546151070495488.000000 -1.330813646 0.005666003 -1.029517770 0.072579019 0.985000014 -0.068268187 0.140878543
1750546151103836416.000000 -1.324860096 0.004892856 -1.035165429 0.072440945 0.984461486 -0.068856932 0.144383684
1750546151137176064.000000 -1.317485332 0.003767282 -1.041691780 0.071895003 0.983965218 -0.068913117 0.147968560
1750546151170516736.000000 -1.284058690 0.001455456 -1.056698442 -0.070339106 -0.984090090 0.067700356 -0.148444727
1750546151203857664.000000 -1.299883604 0.002238289 -1.058957100 0.070881702 0.983096957 -0.066582032 0.155122608
1750546151237198592.000000 -1.297054410 0.003379047 -1.065741897 0.070293218 0.982273340 -0.065570928 0.160929874
1750546151270539264.000000 -1.292667627 0.004299551 -1.073522687 0.069775298 0.981407464 -0.064251341 0.166861027
1750546151303880192.000000 -1.288602591 0.003854468 -1.080773354 0.069573328 0.980373561 -0.062906906 0.173406929
1750546151337220864.000000 -1.285458326 0.002980918 -1.088704109 0.069391400 0.979194224 -0.061322149 0.180563539
1750546151370561792.000000 -1.280865669 0.002339765 -1.096709967 0.069140010 0.978030920 -0.060109798 0.187248752
1750546151437243392.000000 -1.271239758 0.000861168 -1.114292383 0.068971291 0.975367069 -0.057902157 0.201369137
1750546151470584064.000000 -1.266661882 -0.000604853 -1.122969389 0.069100060 0.973791242 -0.056618888 0.209165290
1750546151503924992.000000 -1.261912704 -0.000691548 -1.131762743 0.068987951 0.972115040 -0.056179937 0.216972098
1750546151537265664.000000 -1.221459150 -0.006518304 -1.138385057 -0.067351475 -0.971861959 0.055178784 -0.218868509
1750546151570605568.000000 -1.248299599 -0.006031856 -1.144369483 0.068552122 0.968753695 -0.053743243 0.232225463
1750546151603946240.000000 -1.248185515 -0.005660936 -1.154152632 0.068488345 0.966359079 -0.051926117 0.242411077
1750546151637287168.000000 -1.245942593 -0.006058171 -1.164703846 0.068830118 0.963948309 -0.050328620 0.252057642
1750546151670627584.000000 -1.243090749 -0.005490080 -1.174814463 0.069167078 0.961419761 -0.049796522 0.261549681
1750546151703968512.000000 -1.240212083 -0.006349593 -1.185373783 0.069536380 0.958771467 -0.049320064 0.271089703
1750546151737309184.000000 -1.236913323 -0.007021487 -1.196712494 0.070769809 0.956017017 -0.049482279 0.280311584
1750546151770649856.000000 -1.234842777 -0.006741077 -1.207210422 0.072190098 0.953188241 -0.049853995 0.289370686
1750546151803990784.000000 -1.231678247 -0.007527664 -1.218602180 0.072938100 0.950466573 -0.050119687 0.297962248
1750546151837331200.000000 -1.228431463 -0.009265631 -1.229576349 0.073869556 0.947733521 -0.051213197 0.306140184
1750546151870672128.000000 -1.215475917 -0.012452960 -1.229415417 -0.074737445 -0.945893586 0.052423958 -0.311370373
1750546151904012800.000000 -1.214747548 -0.012778565 -1.239559889 -0.076054737 -0.943037927 0.053796679 -0.319376200
1750546151937353728.000000 -1.214240313 -0.012218848 -1.251502395 -0.077667281 -0.940202951 0.055132572 -0.327026874
1750546151970694144.000000 -1.211431503 -0.012655839 -1.263351440 -0.078377843 -0.937510490 0.056733489 -0.334234029
1750546152004035072.000000 -1.208377719 -0.013782889 -1.275137663 -0.078446925 -0.934735775 0.058056153 -0.341679186
1750546152037375232.000000 -1.205430865 -0.014257923 -1.287444234 -0.078295581 -0.931956410 0.058022574 -0.349228352
1750546152070716416.000000 -1.199066520 -0.015199825 -1.297749519 -0.077241644 -0.929085732 0.057221234 -0.357154459
1750546152104057600.000000 -1.160904408 -0.027079433 -1.294813037 0.074177265 0.928574204 -0.055441480 0.359407932
1750546152137399040.000000 -1.173556805 -0.025413796 -1.306032896 0.073901311 0.924052536 -0.055573605 0.370914012
1750546152170740224.000000 -1.168958902 -0.026616275 -1.316065073 0.072833285 0.920377374 -0.056114569 0.380068511
1750546152204081408.000000 -1.145882010 -0.031248197 -1.324713945 0.070621014 0.917575598 -0.056704845 0.387107462
1750546152237422592.000000 -1.159364104 -0.028857052 -1.332572460 0.071024425 0.912348747 -0.057403814 0.399099261
1750546152270763776.000000 -1.154954195 -0.028294563 -1.339837790 0.070757374 0.908117533 -0.058536425 0.408521086
1750546152304104960.000000 -1.150226116 -0.027965799 -1.345870137 0.070231415 0.903793335 -0.059359998 0.417973250
1750546152337446144.000000 -1.143919349 -0.026968539 -1.350992441 0.069544233 0.899648190 -0.060085841 0.426833004
1750546152370787584.000000 -1.138084054 -0.028672874 -1.354880810 0.068208940 0.895715654 -0.060440451 0.435187280
1750546152404128512.000000 -1.100711107 -0.049975544 -1.339651108 0.062968485 0.894796073 -0.057619058 0.438240856
1750546152437469952.000000 -1.122053623 -0.035700008 -1.353441596 0.063671201 0.887710512 -0.058855545 0.452163815
1750546152470810368.000000 -1.115393758 -0.037283182 -1.354649544 0.062156998 0.883267343 -0.057966266 0.461102247
1750546152504151296.000000 -1.108490109 -0.039536014 -1.355283022 0.060882322 0.878893971 -0.057688046 0.469585836
1750546152537492736.000000 -1.102420688 -0.041623011 -1.355720520 0.059940804 0.874929547 -0.057532966 0.477069497
1750546152570833664.000000 -1.095838308 -0.044166014 -1.355788469 0.059408087 0.871309996 -0.057536077 0.483713984
1750546152604175104.000000 -1.088842273 -0.046522215 -1.355856180 0.059364043 0.867620111 -0.057748336 0.490281940
1750546152637516288.000000 -1.082032800 -0.048375070 -1.355687499 0.059523895 0.864114642 -0.057607118 0.496431470
1750546152670857472.000000 -1.016184688 -0.062097251 -1.346737385 -0.058302555 -0.865676403 0.056306638 -0.493998826
1750546152704198912.000000 -1.067788005 -0.041783318 -1.361846447 0.060505692 0.857276917 -0.059463527 0.507818341
1750546152737539840.000000 -1.061769128 -0.043146685 -1.361939669 0.060173199 0.854362190 -0.059153557 0.512781918
1750546152770881280.000000 -1.055999279 -0.044985577 -1.362436533 0.059993733 0.851665974 -0.058463182 0.517346978
1750546152804222208.000000 -1.048159003 -0.047391310 -1.361568928 0.059801169 0.849381685 -0.058265951 0.521133125
1750546152837563392.000000 -1.040255189 -0.049604237 -1.359915376 0.060148723 0.847247958 -0.058728464 0.524503589
1750546152870904320.000000 -1.031499743 -0.052130565 -1.357721925 0.060165916 0.845192313 -0.059870925 0.527679503
1750546152904244992.000000 -1.022866130 -0.053862199 -1.355251670 0.060527463 0.843045056 -0.060835637 0.530952573
1750546152937585920.000000 -0.984941125 -0.061302856 -1.341805935 -0.059991721 -0.843497634 0.061144490 -0.530258596
1750546152970927360.000000 -0.994882464 -0.046469286 -1.349257827 0.062753722 0.839522958 -0.064836524 0.535779357
1750546153004268288.000000 -0.985699534 -0.044510528 -1.347256303 0.064805143 0.837453067 -0.066775091 0.538529336
1750546153037609472.000000 -0.975091457 -0.045038089 -1.342568040 0.065943390 0.836168587 -0.066694543 0.540393710
1750546153070950912.000000 -0.964193344 -0.045945168 -1.338869095 0.066994235 0.835206628 -0.065967724 0.541839421
1750546153104291840.000000 -0.952107072 -0.046653405 -1.334983826 0.067516036 0.834406078 -0.065402254 0.543075204
1750546153137633280.000000 -0.940254688 -0.047287241 -1.331807017 0.067873947 0.833534241 -0.064961575 0.544420719
1750546153170974208.000000 -0.928427935 -0.047170103 -1.327596188 0.067374162 0.832885087 -0.064168528 0.545569062
1750546153204315648.000000 -0.916479588 -0.046478450 -1.322479486 0.066609241 0.832119167 -0.063197017 0.546943486
1750546153237656832.000000 -0.919280052 -0.051792443 -1.331312418 0.064742699 0.829554856 -0.061207876 0.551272035
1750546153270998016.000000 -0.910707474 -0.049855828 -1.326346636 0.064355649 0.828049242 -0.060531087 0.553650498
1750546153304339200.000000 -0.901432753 -0.049150690 -1.323306918 0.064090148 0.826259434 -0.059692416 0.556439400
1750546153337680384.000000 -0.892436028 -0.048836827 -1.320024967 0.064031750 0.824242830 -0.059359435 0.559464216
1750546153371020544.000000 -0.885596156 -0.049643219 -1.318417668 0.064261280 0.821970761 -0.059137620 0.562794268
1750546153404361728.000000 -0.878484964 -0.051074475 -1.317045569 0.064447418 0.819616556 -0.058642130 0.566247642
1750546153437702912.000000 -0.862255931 -0.056966349 -1.310472846 -0.064181879 -0.817695916 0.058043301 -0.569109142
1750546153471044352.000000 -0.856152296 -0.058642611 -1.310912251 -0.064793237 -0.815301359 0.057673912 -0.572502732
1750546153504385280.000000 -0.862805247 -0.054813877 -1.323031068 -0.065179385 -0.812013328 0.057087336 -0.577171564
1750546153537726720.000000 -0.856297970 -0.055668041 -1.325188398 -0.065470353 -0.809475243 0.056300767 -0.580769897
1750546153571067648.000000 -0.850209713 -0.056789875 -1.325494528 -0.066196986 -0.806626201 0.056055367 -0.584662259
1750546153604409088.000000 -0.843023777 -0.057863355 -1.325861454 -0.066158623 -0.803474367 0.055554897 -0.589037836
1750546153637750016.000000 -0.835364223 -0.058730885 -1.326537728 -0.065480754 -0.800301552 0.054966260 -0.593471527
1750546153704432384.000000 -0.818778634 -0.060166523 -1.327034712 -0.064174406 -0.793469250 0.054121513 -0.602792799
1750546153737773312.000000 -0.811004519 -0.060245961 -1.328083277 -0.063157640 -0.789408147 0.053551488 -0.608258307
1750546153771114752.000000 -0.804814577 -0.059335843 -1.324787617 -0.061634239 -0.785232365 0.053456228 -0.613802791
1750546153804454912.000000 -0.799115062 -0.059540391 -1.327221632 0.060194835 0.780220389 -0.052849796 0.620354533
1750546153837796096.000000 -0.790707052 -0.060144097 -1.330193043 0.058592223 0.775030613 -0.052159086 0.627035916
1750546153871137024.000000 -0.782751262 -0.059992075 -1.332845807 0.057668246 0.770055950 -0.051693533 0.633258343
1750546153904478208.000000 -0.773644388 -0.060875222 -1.334380269 0.057200722 0.765148640 -0.051765211 0.639215291
1750546153937819136.000000 -0.764541805 -0.062600255 -1.335901737 0.056742933 0.759766400 -0.052003402 0.645624518
1750546153971160576.000000 -0.755750537 -0.064703494 -1.337599158 0.057462405 0.753874421 -0.052263614 0.652410924
1750546154004501504.000000 -0.728263915 -0.065680727 -1.317640543 0.058399588 0.750354171 -0.053636733 0.656263173
1750546154037841664.000000 -0.736828089 -0.063425839 -1.332801461 -0.059266485 -0.744067073 0.053517960 -0.663315535
1750546154071181568.000000 -0.727857172 -0.065171063 -1.337769985 -0.059703462 -0.739253461 0.053798314 -0.668614745
1750546154104521728.000000 -0.720025957 -0.066433445 -1.344049096 0.061229136 0.734286547 -0.054356016 0.673884153
1750546154137861632.000000 -0.711574793 -0.068166867 -1.348097801 0.062574178 0.729365349 -0.054643698 0.679061711
1750546154171201792.000000 -0.701729596 -0.069450200 -1.350908637 0.064002939 0.724441886 -0.054249577 0.684211016
1750546154204541696.000000 -0.692337990 -0.070407555 -1.353727818 -0.065346211 -0.719974101 0.053529583 -0.688840926
1750546154237880832.000000 -0.682204545 -0.071252197 -1.355254889 -0.066479042 -0.716017544 0.053391006 -0.692855597
1750546154271220736.000000 -0.650921106 -0.073605269 -1.332858562 -0.066516422 -0.714802742 0.053910904 -0.694065094
1750546154304560896.000000 -0.662413478 -0.073427066 -1.348000407 0.066494696 0.709711552 -0.053643525 0.699292779
1750546154337900800.000000 -0.652360082 -0.074941069 -1.351954699 0.066094182 0.705581605 -0.053123880 0.703536808
1750546154371240704.000000 -0.643369436 -0.076333731 -1.353857994 0.065780193 0.701629698 -0.052525662 0.707552016
1750546154404580864.000000 -0.634103775 -0.078005880 -1.358979940 0.065328270 0.696884811 -0.052382838 0.712277889
1750546154437920512.000000 -0.624470890 -0.079645097 -1.362088680 0.064657405 0.691838026 -0.052443471 0.717237294
1750546154471260672.000000 -0.615009069 -0.079208076 -1.367931604 0.063798837 0.685515165 -0.053156987 0.723307014
1750546154504600576.000000 -0.607551873 -0.080532491 -1.368735313 0.062402360 0.678405821 -0.053884085 0.730046630
1750546154537940736.000000 -0.575617671 -0.085479975 -1.338125587 0.059986159 0.673398077 -0.053963829 0.734863698
1750546154571280384.000000 -0.586713612 -0.085397735 -1.352372169 0.058352597 0.663746238 -0.053805724 0.743734419
1750546154604620544.000000 -0.578422546 -0.087979496 -1.354966521 0.057242751 0.655168056 -0.054091766 0.751366794
1750546154637960448.000000 -0.571242571 -0.089802414 -1.356664419 0.056012865 0.646482229 -0.054467667 0.758918107
1750546154671300352.000000 -0.564620256 -0.091246650 -1.358515501 0.054320563 0.637854636 -0.053972986 0.766340494
1750546154704639232.000000 -0.556225300 -0.092264459 -1.358167410 0.051695734 0.629616857 -0.052522875 0.773402631
1750546154737978880.000000 -0.548112094 -0.093734160 -1.357969046 0.048468065 0.621107578 -0.051457491 0.780530870
1750546154804658944.000000 -0.532903671 -0.097310275 -1.354145288 0.042978197 0.605377436 -0.048622128 0.793288767
1750546154837998848.000000 -0.526302338 -0.093324669 -1.339357615 0.041326158 0.599084735 -0.048934385 0.798119724
1750546154871338496.000000 -0.522092581 -0.095528014 -1.338509679 0.040249981 0.591425002 -0.048427872 0.803897560
1750546154904678656.000000 -0.518207431 -0.096669778 -1.337298632 0.039731722 0.583759665 -0.048365742 0.809510291
1750546154938018304.000000 -0.522977710 -0.089711748 -1.338882208 0.040335346 0.575383365 -0.049454328 0.815390348
1750546154971357952.000000 -0.519404054 -0.090925448 -1.337058067 0.040226921 0.567241788 -0.049498729 0.821077526
1750546155004698368.000000 -0.515258849 -0.092254296 -1.335196853 0.039918814 0.559361398 -0.049171388 0.826500833
1750546155038039296.000000 -0.510138452 -0.092479669 -1.331723690 0.040149830 0.552538872 -0.048551437 0.831102669
1750546155071380480.000000 -0.471774220 -0.101293668 -1.295487404 0.038570311 0.549585938 -0.046551697 0.833247006
1750546155104721664.000000 -0.483906090 -0.096795462 -1.311415911 0.037663132 0.542044580 -0.045324337 0.838280976
1750546155138061824.000000 -0.480348736 -0.096380904 -1.306733012 0.036952522 0.536596358 -0.044019431 0.841879606
1750546155171403008.000000 -0.476928830 -0.095576189 -1.301774263 0.036633469 0.531354129 -0.043491848 0.845239222
1750546155204743936.000000 -0.473455966 -0.095170587 -1.296528816 0.035954680 0.526922464 -0.042525228 0.848087013
1750546155238085120.000000 -0.462011278 -0.095310271 -1.289457202 0.035010930 0.523361444 -0.042678136 0.850320816
1750546155271426048.000000 -0.456117392 -0.094968572 -1.281406403 0.035939205 0.520196497 -0.042856660 0.852213204
1750546155304767232.000000 -0.450016916 -0.094506271 -1.273702383 0.036507379 0.517347872 -0.042765342 0.853926003
1750546155338108416.000000 -0.444117993 -0.095230885 -1.265842438 0.036822032 0.515168071 -0.042347662 0.855250120
1750546155371449344.000000 -0.438647747 -0.095944054 -1.257931352 0.037494864 0.513165116 -0.042013448 0.856440723
1750546155404790528.000000 -0.434120625 -0.096504427 -1.250122666 0.038218562 0.511378706 -0.042010985 0.857476711
1750546155438131456.000000 -0.432069540 -0.095112607 -1.249148607 0.038752761 0.508536041 -0.042909838 0.859097242
1750546155471472640.000000 -0.427446663 -0.095603406 -1.238980412 0.039251156 0.506248474 -0.042902220 0.860425055
1750546155504813568.000000 -0.421870470 -0.093903899 -1.242842197 0.039574847 0.502404571 -0.043050189 0.862653017
1750546155538154752.000000 -0.418273151 -0.093284726 -1.234285951 0.039755899 0.499837160 -0.043424528 0.864116073
1750546155571495168.000000 -0.414904803 -0.092440411 -1.225511789 0.039572138 0.497158855 -0.043347418 0.865672112
1750546155604836352.000000 -0.411795825 -0.091360077 -1.215940237 0.039552428 0.494352669 -0.042913638 0.867300153
1750546155638177280.000000 -0.399014741 -0.095045902 -1.181557178 0.040105719 0.493959308 -0.042211618 0.867533267
1750546155671518208.000000 -0.403629869 -0.091855057 -1.194031239 0.039724011 0.488986582 -0.042746697 0.870337248
1750546155704859136.000000 -0.400187820 -0.091672413 -1.183687925 0.038070232 0.485771596 -0.042014424 0.872245073
1750546155738200320.000000 -0.396000147 -0.090741858 -1.174859524 0.035924222 0.482709438 -0.040740378 0.874094605
1750546155771541760.000000 -0.391782403 -0.088836059 -1.166687965 0.033566143 0.479744852 -0.039549660 0.875873327
1750546155804882688.000000 -0.387757808 -0.087337628 -1.159168482 0.031344246 0.476728618 -0.038622674 0.877642155
1750546155838223872.000000 -0.384897590 -0.086247534 -1.150290728 0.029982623 0.473711342 -0.037763346 0.879359186
1750546155871564800.000000 -0.372451186 -0.090904668 -1.124255896 0.027692175 0.471633077 -0.035604894 0.880640566
1750546155904905984.000000 -0.377456367 -0.088190109 -1.138821840 0.025283078 0.466626018 -0.034850247 0.883406162
1750546155938246912.000000 -0.372727752 -0.088624068 -1.134426236 0.023878999 0.463308871 -0.034195617 0.885214865
1750546155971588096.000000 -0.369031996 -0.088249385 -1.127567172 0.022752669 0.460448205 -0.033256408 0.886771560
1750546156004929280.000000 -0.365267903 -0.088550463 -1.121084452 0.021246227 0.458028048 -0.032096859 0.888104022
1750546156038268160.000000 -0.362083077 -0.087464035 -1.115643024 0.020421930 0.455298245 -0.031335708 0.889553070
1750546156071608064.000000 -0.358821601 -0.087070718 -1.110028386 0.020078568 0.452071220 -0.031112783 0.891212940
1750546156104948224.000000 -0.357845753 -0.087046131 -1.104612589 0.019785158 0.448454946 -0.031267677 0.893039286
1750546156138288128.000000 -0.354315996 -0.087753482 -1.103656411 0.019174062 0.443515897 -0.031635690 0.895502746
1750546156171628288.000000 -0.348727673 -0.088395819 -1.097253442 0.018552782 0.438874602 -0.031441614 0.897806466
1750546156204967936.000000 -0.343872428 -0.088880986 -1.092166543 0.017777972 0.434508383 -0.031571519 0.899938762
1750546156238308096.000000 -0.339130878 -0.089232795 -1.086292267 0.016732801 0.429931551 -0.031455249 0.902158260
1750546156271648000.000000 -0.334825665 -0.089175567 -1.081059933 0.015684051 0.424819529 -0.031528234 0.904592991
1750546156304988160.000000 -0.328007787 -0.091164045 -1.055162072 0.014560815 0.420584112 -0.031356275 0.906594694
1750546156371667968.000000 -0.322944850 -0.090448916 -1.042402029 0.011416201 0.405626446 -0.030498853 0.913458705
1750546156405007872.000000 -0.316544533 -0.089728013 -1.038189411 0.011452403 0.397343189 -0.029960284 0.917109430
1750546156438347776.000000 -0.311446249 -0.088878289 -1.035504460 0.012429903 0.389383644 -0.028984051 0.920535624
1750546156471686912.000000 -0.306331873 -0.089471273 -1.031235576 0.012397621 0.381524950 -0.028027480 0.923850358
1750546156505026560.000000 -0.299980223 -0.090763003 -1.027573109 0.013560142 0.373971045 -0.027381996 0.926936984
1750546156538366464.000000 -0.294049561 -0.091371536 -1.022950888 0.014735527 0.366583616 -0.026354738 0.929895103
1750546156571706624.000000 -0.289094687 -0.090472408 -1.019236922 0.014824354 0.358372688 -0.025725879 0.933106363
1750546156605046272.000000 -0.285840064 -0.093207598 -1.022819519 0.015465863 0.350085586 -0.024916526 0.936258614
1750546156638386176.000000 -0.279562563 -0.091887072 -1.008758664 0.016275147 0.341642320 -0.025157137 0.939352334
1750546156671726080.000000 -0.273482651 -0.092826813 -1.002901912 0.016300922 0.333625883 -0.025106020 0.942230225
1750546156705066240.000000 -0.267914355 -0.092653617 -0.995915174 0.015613719 0.326122284 -0.024821585 0.944872677
1750546156738405888.000000 -0.260143876 -0.093196005 -0.989179671 0.015185178 0.318927944 -0.024226982 0.947347641
1750546156771746048.000000 -0.252888501 -0.093572058 -0.981601357 0.014100094 0.312805384 -0.023405528 0.949424148
1750546156805085696.000000 -0.244988725 -0.094972946 -0.972687185 0.012491607 0.306968898 -0.023066353 0.951358020
1750546156838425600.000000 -0.238580257 -0.094320908 -0.966657043 0.011350883 0.300976068 -0.022837102 0.953290701
1750546156871765248.000000 -0.232123733 -0.094479047 -0.959374070 0.010633891 0.294530213 -0.022783320 0.955311358
1750546156905104128.000000 -0.225779876 -0.094131455 -0.953030229 0.010625465 0.287315995 -0.023220660 0.957495451
1750546156938444032.000000 -0.220113099 -0.094565518 -0.945722461 0.011432874 0.279920042 -0.023206074 0.959674716
1750546156971783936.000000 -0.215211108 -0.094960608 -0.938257337 0.012143657 0.272831380 -0.022866797 0.961713493
1750546157005123840.000000 -0.224341884 -0.092285365 -0.915521860 0.013829572 0.268470585 -0.022086006 0.962935388
1750546157038464512.000000 -0.209666535 -0.098987453 -0.936470091 0.013653665 0.259543538 -0.022131417 0.965381265
1750546157071805440.000000 -0.207165375 -0.100092523 -0.932195783 0.013516057 0.252578884 -0.022339052 0.967224002
1750546157105146112.000000 -0.201007992 -0.099938959 -0.926235437 0.013265771 0.244653597 -0.022440828 0.969260037
1750546157138486784.000000 -0.195172727 -0.101200141 -0.919273496 0.012911527 0.236099586 -0.022438658 0.971383989
1750546157171827456.000000 -0.189804092 -0.102340698 -0.911536276 0.012248426 0.226485580 -0.022743426 0.973671973
1750546157205168384.000000 -0.184457034 -0.103675008 -0.904584050 0.010541355 0.216187581 -0.023361521 0.976015449
1750546157238509056.000000 -0.179529145 -0.104341887 -0.897413135 0.008099338 0.205699325 -0.023990374 0.978287637
1750546157271849984.000000 -0.174043953 -0.100565553 -0.888872206 0.005462360 0.194298983 -0.024087291 0.980631411
1750546157305190656.000000 -0.168716356 -0.100395590 -0.882943571 0.001993088 0.182866499 -0.023210000 0.982861757
1750546157338531328.000000 -0.166343331 -0.100900561 -0.879177690 -0.000155593 0.172099158 -0.021416163 0.984846830
1750546157371870976.000000 -0.162234098 -0.101232789 -0.873761773 -0.000882836 0.161973268 -0.019863514 0.986594856
1750546157405211904.000000 -0.158067137 -0.102249973 -0.868449569 -0.002015650 0.151994705 -0.019421631 0.988188446
1750546157438552320.000000 -0.155246034 -0.102731101 -0.862280130 -0.003891820 0.142633349 -0.019282578 0.989580095
1750546157471893248.000000 -0.149848551 -0.100361012 -0.852230608 -0.005274092 0.133202836 -0.019160990 0.990889549
1750546157505233920.000000 -0.148951218 -0.101062320 -0.849466920 -0.007441930 0.123500690 -0.018953247 0.992135584
1750546157538574592.000000 -0.154951066 -0.105499856 -0.828082323 -0.010418640 0.117354929 -0.018642038 0.992860377
1750546157571915520.000000 -0.153653532 -0.104421318 -0.831858277 -0.010226451 0.108398288 -0.017769169 0.993896186
1750546157605256192.000000 -0.149096996 -0.101707943 -0.835286319 -0.008853869 0.100735463 -0.016697248 0.994733751
1750546157638597120.000000 -0.145308495 -0.104377784 -0.820236027 -0.010091170 0.094645180 -0.016005481 0.995331287
1750546157671937536.000000 -0.137275398 -0.098592646 -0.818596244 -0.010021866 0.087651297 -0.014172549 0.995999992
1750546157705278464.000000 -0.139113232 -0.097484089 -0.811943352 -0.010728016 0.082310528 -0.013402746 0.996458888
1750546157738618880.000000 -0.139813647 -0.096234359 -0.805046916 -0.012295421 0.076963767 -0.012891214 0.996874750
1750546157771959808.000000 -0.140968129 -0.096234724 -0.798236430 -0.015209045 0.072078846 -0.012475350 0.997204959
1750546157805299200.000000 -0.142049775 -0.095597535 -0.790549636 -0.017863756 0.067621939 -0.011713574 0.997482300
1750546157838640128.000000 -0.157250315 -0.099438891 -0.787122905 -0.018870551 0.065403834 -0.011930876 0.997609138
1750546157871980544.000000 -0.140180692 -0.095581360 -0.777099013 -0.018724434 0.057912122 -0.011523132 0.998079538
1750546157905321472.000000 -0.142102823 -0.095957182 -0.770924985 -0.018341426 0.053756502 -0.012130078 0.998311937
1750546157938662144.000000 -0.143859282 -0.096998692 -0.766236722 -0.017966714 0.048965156 -0.012754400 0.998557508
1750546157972002816.000000 -0.147236034 -0.098704204 -0.757454395 -0.018284941 0.044318225 -0.012819001 0.998767912
1750546158005326080.000000 -0.149803475 -0.099282019 -0.749975502 -0.017826287 0.040036503 -0.012644053 0.998959243
1750546158038744576.000000 -0.157725289 -0.096330225 -0.742816508 -0.015758902 0.036542900 -0.013240644 0.999120116
1750546158072163584.000000 -0.160130963 -0.096391983 -0.736020923 -0.014563596 0.033361103 -0.012197670 0.999262810
1750546158105583104.000000 -0.163073614 -0.096097335 -0.728882611 -0.013580028 0.030735305 -0.011635437 0.999367595
1750546158139003392.000000 -0.165479705 -0.095529109 -0.721483409 -0.013877166 0.028269667 -0.011253336 0.999440670
1750546158172423936.000000 -0.166501015 -0.088615343 -0.714216411 -0.013328120 0.025520608 -0.012029986 0.999513090
1750546158205844992.000000 -0.170337483 -0.089149781 -0.707291365 -0.012973778 0.023860961 -0.011281254 0.999567449
1750546158239265792.000000 -0.187559381 -0.100292757 -0.703809559 -0.013699676 0.025136277 -0.009622615 0.999543905
1750546158272687616.000000 -0.174866319 -0.088991962 -0.694144011 -0.011902555 0.020538408 -0.009906497 0.999669135
1750546158306110464.000000 -0.176504552 -0.088864557 -0.687027156 -0.011436736 0.019633019 -0.009640270 0.999695420
1750546158339533312.000000 -0.181552693 -0.088541687 -0.679070055 -0.011086866 0.019202065 -0.009023491 0.999713480
1750546158372956928.000000 -0.182808965 -0.087801814 -0.674257755 -0.010674822 0.017039198 -0.008239429 0.999763906
1750546158406381312.000000 -0.195568979 -0.082045086 -0.669564068 -0.009153796 0.016556220 -0.008871678 0.999781728
1750546158439805952.000000 -0.193849668 -0.082601823 -0.667135179 -0.008539280 0.013663721 -0.007687407 0.999840736
1750546158473230848.000000 -0.194024876 -0.081888750 -0.662628591 -0.009330075 0.010779782 -0.007267314 0.999871969
1750546158506656512.000000 -0.194127366 -0.081705667 -0.659255385 -0.009950042 0.007234398 -0.007143361 0.999898851
1750546158540082688.000000 -0.205930293 -0.079823010 -0.645972073 -0.010025627 0.005827732 -0.007558106 0.999904215
1750546158573509120.000000 -0.207936898 -0.079363294 -0.640876830 -0.010828943 0.001851364 -0.007371570 0.999912500
1750546158606936320.000000 -0.207866341 -0.079551101 -0.636340559 -0.011248415 -0.001958983 -0.006993180 0.999910414
1750546158640364032.000000 -0.208260670 -0.079262704 -0.631588995 -0.010795591 -0.005065130 -0.006813248 0.999905705
1750546158673792000.000000 -0.217119008 -0.071977854 -0.624478996 -0.010170533 -0.006059044 -0.007377161 0.999902785
1750546158707219712.000000 -0.216083631 -0.071974717 -0.619118989 -0.011464669 -0.009092308 -0.006687196 0.999870598
1750546158740648704.000000 -0.216411710 -0.071623251 -0.612822533 -0.011980528 -0.012308414 -0.005976498 0.999834657
1750546158774078464.000000 -0.216201007 -0.071530096 -0.606405556 -0.011280436 -0.015303696 -0.005297127 0.999805212
1750546158807508480.000000 -0.215919837 -0.071753785 -0.599218667 -0.010757899 -0.018314494 -0.004995321 0.999761939
1750546158840939008.000000 -0.213496342 -0.070064560 -0.592565298 -0.010342944 -0.021947786 -0.004442056 0.999695718
1750546158874370048.000000 -0.224461392 -0.067831948 -0.582502484 -0.011237671 -0.022616334 -0.004659511 0.999670267
1750546158907801856.000000 -0.220613316 -0.067553565 -0.575476408 -0.013238647 -0.026943034 -0.004349540 0.999539852
1750546158941233920.000000 -0.220276877 -0.066607632 -0.565830469 -0.015668530 -0.031244708 -0.004407729 0.999379337
1750546158974666496.000000 -0.220536143 -0.064998336 -0.556108236 -0.017980911 -0.036358096 -0.004173165 0.999168336
1750546159008099584.000000 -0.219981730 -0.063387066 -0.545572639 -0.019911341 -0.042503700 -0.003868591 0.998890460
1750546159041434112.000000 -0.231638819 -0.062006805 -0.529587746 -0.021662341 -0.047085498 -0.004316717 0.998646617
1750546159074768640.000000 -0.232525229 -0.060457703 -0.519869864 -0.022908345 -0.054894499 -0.003963185 0.998221517
1750546159108102912.000000 -0.229654923 -0.056984738 -0.515432954 -0.021919016 -0.063458048 -0.002719359 0.997740030
1750546159141436672.000000 -0.229859725 -0.055807047 -0.505637348 -0.020210898 -0.070890784 -0.001600693 0.997278035
1750546159174770944.000000 -0.229493320 -0.054574683 -0.495833039 -0.020545145 -0.078446098 -0.000744406 0.996706426
1750546159241439232.000000 -0.229588032 -0.053356323 -0.474663556 -0.019244619 -0.094911046 0.002378893 0.995296896
1750546159274773504.000000 -0.231938213 -0.053942349 -0.467063934 -0.018717445 -0.104087256 0.003563919 0.994385719
1750546159308107520.000000 -0.232460380 -0.053479776 -0.457821965 -0.018006405 -0.113153711 0.005264678 0.993400395
1750546159341441536.000000 -0.232622996 -0.052927315 -0.447637051 -0.017298529 -0.121583648 0.006869396 0.992406666
1750546159408109568.000000 -0.234200835 -0.051139228 -0.427153945 -0.017002253 -0.136859491 0.009097626 0.990402818
1750546159441443584.000000 -0.238874018 -0.053731728 -0.416087419 -0.019423246 -0.144074127 0.009790010 0.989327848
1750546159508111104.000000 -0.242005184 -0.051713910 -0.397227436 -0.023168482 -0.161237136 0.010065117 0.986592412
1750546159541444864.000000 -0.244225994 -0.050424792 -0.388493776 -0.024249032 -0.169761419 0.009254283 0.985143363
1750546159608111104.000000 -0.244053796 -0.049757823 -0.369342178 -0.025461981 -0.186655879 0.009271285 0.982051671
1750546159641444608.000000 -0.246960610 -0.048121642 -0.361529917 -0.025683146 -0.194416374 0.008866469 0.980542779
1750546159674778112.000000 -0.248714671 -0.046867199 -0.353935212 -0.025880855 -0.202518895 0.008596760 0.978898585
1750546159741444864.000000 -0.252997458 -0.045857720 -0.337453812 -0.027118167 -0.219090685 0.007950313 0.975295186
1750546159774778368.000000 -0.257100224 -0.046631865 -0.330349147 -0.027740283 -0.227549672 0.007776315 0.973340273
1750546159841444608.000000 -0.260453939 -0.044611074 -0.316557318 -0.028955257 -0.245068163 0.008694377 0.969034433
1750546159874777856.000000 -0.262186557 -0.043383617 -0.310149789 -0.029731041 -0.253129601 0.008996458 0.966933668
1750546159941443840.000000 -0.265147477 -0.045150958 -0.297877759 -0.031213699 -0.270137280 0.010599587 0.962257445
1750546159974776832.000000 -0.267300218 -0.044006605 -0.292775869 -0.031903133 -0.279010028 0.011254431 0.959692121
1750546160041442304.000000 -0.273246825 -0.042734586 -0.284059554 -0.032170616 -0.297926247 0.011595424 0.953976214
1750546160074775808.000000 -0.275527835 -0.040725604 -0.280101538 -0.032928571 -0.308121353 0.011331395 0.950709522
1750546160141442816.000000 -0.285394669 -0.041366130 -0.270711273 -0.036963172 -0.327576250 0.010846866 0.944039166
1750546160174776064.000000 -0.289975315 -0.039914358 -0.267107427 -0.037835408 -0.337167472 0.010649855 0.940623879
1750546160208109312.000000 -0.294776917 -0.037325304 -0.264021158 -0.038445476 -0.346454918 0.010811715 0.937216163
1750546160274775808.000000 -0.305184603 -0.035532974 -0.257812887 -0.040768512 -0.365861118 0.011099379 0.929709911
1750546160308108800.000000 -0.310058415 -0.034138042 -0.254539609 -0.041857541 -0.375576317 0.011342663 0.925776303
1750546160374774784.000000 -0.322574973 -0.031995967 -0.249002531 -0.043182790 -0.392893374 0.012079580 0.918490231
1750546160408107776.000000 -0.329333186 -0.028973622 -0.248236105 -0.044268068 -0.400855333 0.011993762 0.914992690
1750546160441440256.000000 -0.340753078 -0.029421393 -0.248935953 -0.046362214 -0.408062726 0.011678213 0.911701143
1750546160474772224.000000 -0.347416103 -0.026720984 -0.245187372 -0.047276832 -0.416404307 0.011834565 0.907872438
1750546160541437440.000000 -0.361139238 -0.024838490 -0.237384796 -0.049911547 -0.430476606 0.013936346 0.901112914
1750546160574769920.000000 -0.368994981 -0.023769550 -0.235319659 -0.049369033 -0.436164737 0.014597307 0.898392975
1750546160641435136.000000 -0.385677159 -0.020526184 -0.232326984 -0.049082093 -0.446030706 0.014187305 0.893558264
1750546160674767360.000000 -0.395120859 -0.019624574 -0.230985254 -0.049084183 -0.450804859 0.014360509 0.891156316
1750546160741432064.000000 -0.413716197 -0.018606592 -0.229184598 -0.047787957 -0.460243165 0.015711311 0.886366606
1750546160774763776.000000 -0.424843788 -0.019744074 -0.235285074 -0.047211215 -0.462497056 0.016040077 0.885217667
1750546160841428224.000000 -0.441683471 -0.015240054 -0.229534924 -0.048195947 -0.469460905 0.016612615 0.881480396
1750546160874759936.000000 -0.450222880 -0.013927936 -0.227495939 -0.049201347 -0.472564906 0.016948622 0.879758179
1750546160908091136.000000 -0.459461689 -0.013206044 -0.226013377 -0.049554780 -0.475365281 0.016967682 0.878227949
1750546160974754560.000000 -0.477431059 -0.011154192 -0.225100145 -0.050751124 -0.479989827 0.017388130 0.875632226
1750546161008086528.000000 -0.485630214 -0.010099070 -0.224715143 -0.052204847 -0.482122391 0.017518740 0.874371648
1750546161074810624.000000 -0.503093958 -0.010031670 -0.232014298 -0.053735070 -0.485651910 0.017562136 0.872322381
1750546161108211712.000000 -0.510337591 -0.009443639 -0.228956461 -0.054483864 -0.488263428 0.018165609 0.870804429
1750546161175014912.000000 -0.523399711 -0.007644342 -0.228718817 -0.055764455 -0.492717624 0.017977355 0.868214607
1750546161208417024.000000 -0.529778600 -0.006061038 -0.227566645 -0.056087226 -0.495058477 0.018217092 0.866856098
1750546161275222272.000000 -0.541439295 -0.003445661 -0.227472007 -0.056396253 -0.500654817 0.018398529 0.863612115
1750546161308625408.000000 -0.546822727 -0.002558256 -0.227019221 -0.056562781 -0.503924012 0.018447503 0.861696601
1750546161375431936.000000 -0.559445381 -0.005400261 -0.231857195 -0.056982432 -0.509242713 0.018631745 0.858532310
1750546161408836352.000000 -0.564670146 -0.002022803 -0.226586014 -0.056672316 -0.512340605 0.019568302 0.856686950
1750546161475646208.000000 -0.576942444 -0.001543213 -0.221627474 -0.058381625 -0.517227471 0.020709878 0.853603244
1750546161509051648.000000 -0.583043754 -0.000578173 -0.218189508 -0.058927082 -0.520033300 0.021613680 0.851836801
1750546161575863296.000000 -0.597057819 0.001398832 -0.210545659 -0.061973408 -0.526531935 0.022149341 0.847604215
1750546161609269760.000000 -0.604738832 0.001237866 -0.206269562 -0.063488416 -0.530075669 0.022646952 0.845266938
1750546161676083968.000000 -0.618924141 0.005375531 -0.199313372 -0.066289827 -0.538073182 0.023029849 0.839971781
1750546161709491456.000000 -0.626254261 0.008248005 -0.199177563 -0.067830868 -0.542726338 0.023137305 0.836846352
1750546161776307456.000000 -0.644211531 0.011177253 -0.191126674 -0.068854161 -0.553897619 0.024509721 0.829370737
1750546161809715200.000000 -0.652485728 0.012712967 -0.186310321 -0.069343671 -0.559567869 0.025269561 0.825491846
1750546161876533760.000000 -0.669289827 0.014785614 -0.177629814 -0.069292858 -0.569361508 0.028367065 0.818670511
1750546161943353344.000000 -0.687860966 0.015422545 -0.169984296 -0.067584507 -0.578859627 0.028777117 0.812111974
1750546161976763904.000000 -0.697019994 0.016515210 -0.166031748 -0.066732042 -0.583373606 0.029196016 0.808931172
1750546162043585792.000000 -0.716748476 0.017435391 -0.158747584 -0.065912560 -0.591240287 0.029766809 0.803246260
1750546162076948224.000000 -0.725941062 0.018166009 -0.155397654 -0.064905606 -0.594689846 0.030443333 0.800752521
1750546162143601408.000000 -0.744440138 0.018792201 -0.147671729 -0.064169459 -0.601864755 0.032429129 0.795354962
1750546162176927744.000000 -0.753546953 0.019424986 -0.143155932 -0.064469688 -0.606107593 0.033519033 0.792056739
1750546162243579136.000000 -0.772245347 0.020808797 -0.134144962 -0.065479837 -0.615091860 0.035038881 0.784950078
1750546162276904960.000000 -0.784180522 0.021725874 -0.125653982 -0.066680685 -0.620087743 0.035866838 0.780870259
1750546162343556608.000000 -0.801653504 0.022670567 -0.118371427 -0.067999393 -0.629778147 0.036904741 0.772912443
1750546162376882176.000000 -0.810387313 0.022896383 -0.115982354 -0.068128996 -0.634689987 0.037163105 0.768860281
1750546162443533056.000000 -0.825925529 0.024286892 -0.110258758 -0.067240797 -0.646335244 0.038254090 0.759121954
1750546162476858112.000000 -0.833602786 0.023964714 -0.107892036 -0.066572249 -0.652604401 0.039260413 0.753746927
1750546162543507968.000000 -0.847734332 0.026039004 -0.103708029 -0.066296406 -0.664649010 0.041661564 0.743041635
1750546162610157824.000000 -0.863481283 0.028996445 -0.091354489 -0.066266239 -0.676292181 0.043436836 0.732359946
1750546162643482112.000000 -0.871146560 0.030266412 -0.090714931 -0.068029992 -0.680472374 0.043218564 0.728327930
1750546162710130176.000000 -0.884050071 0.033405565 -0.089160442 -0.069734372 -0.687138081 0.043357946 0.721871555
1750546162743454208.000000 -0.890255392 0.033980712 -0.089309871 -0.070050992 -0.690457880 0.043424327 0.718662143
1750546162810102272.000000 -0.902390838 0.034985162 -0.091703475 -0.068567105 -0.697931647 0.045240503 0.711437583
1750546162843426048.000000 -0.910222948 0.033653699 -0.086148381 -0.068629280 -0.702253282 0.045910221 0.707122803
1750546162910073344.000000 -0.923608482 0.034796543 -0.088365614 -0.067995787 -0.707583487 0.047938775 0.701715231
1750546162943396864.000000 -0.932035625 0.035557970 -0.091067135 -0.067832507 -0.708869815 0.050957367 0.700218439
1750546163010043136.000000 -0.950345039 0.038265780 -0.098764718 -0.069858015 -0.711186111 0.050927617 0.697668076
1750546163076693248.000000 -0.961540580 0.039680652 -0.096438289 -0.071257703 -0.713818192 0.047580998 0.695069909
1750546163110020096.000000 -0.968287647 0.039373167 -0.102906227 -0.070162818 -0.713939428 0.047917683 0.695033610
1750546163176672768.000000 -0.982289255 0.039100714 -0.114884436 -0.065603524 -0.715482593 0.048416495 0.693856418
1750546163243325440.000000 -0.995431244 0.039411500 -0.128949821 -0.063852958 -0.718577683 0.046669457 0.690934896
1750546163276651520.000000 -1.002472639 0.041037098 -0.134298801 -0.061934609 -0.719994903 0.046895340 0.689617515
1750546163343303680.000000 -1.017468095 0.040500820 -0.144511044 -0.059450544 -0.722734094 0.047838893 0.686900735
1750546163409955328.000000 -1.040387154 0.042376064 -0.135621309 -0.059357509 -0.725790918 0.047964726 0.683669329
1750546163476606464.000000 -1.055357337 0.046602391 -0.142530382 -0.059614997 -0.726653159 0.047637511 0.682753265
1750546163509931776.000000 -1.062121987 0.047706135 -0.146697581 -0.060273752 -0.727386653 0.047008030 0.681957483
1750546163576581120.000000 -1.074995637 0.048273481 -0.154969931 -0.060403164 -0.729883134 0.046051688 0.679338932
1750546163643230976.000000 -1.086540937 0.049406879 -0.161982179 -0.059763972 -0.732668936 0.046624307 0.676351011
1750546163676555520.000000 -1.091198444 0.049154557 -0.164403439 -0.059552770 -0.734209418 0.047181606 0.674658418
1750546163743204864.000000 -1.100745678 0.048755415 -0.169710040 -0.058736697 -0.738060057 0.049284313 0.670364499
1750546163776529152.000000 -1.105901718 0.048219778 -0.171242356 -0.059474032 -0.739993155 0.050149810 0.668100357
1750546163843177472.000000 -1.118296981 0.051192462 -0.174051404 0.060065407 0.744220614 -0.049738683 -0.663365662
1750546163876501504.000000 -1.124373317 0.052026428 -0.175655723 0.061388228 0.746303737 -0.048362616 -0.661001801
1750546163943149056.000000 -1.135011911 0.052830659 -0.179481745 0.061242927 0.750306785 -0.047638778 -0.656520903
1750546164009796096.000000 -1.145283699 0.051436216 -0.183197856 0.061155133 0.754253864 -0.045840185 -0.652119577
1750546164043118592.000000 -1.150739789 0.052215405 -0.186940670 0.060272310 0.756347060 -0.047282454 -0.649669766
1750546164109771008.000000 -1.162069798 0.051237889 -0.189213872 0.058036271 0.762164891 -0.049561873 -0.642868638
1750546164176424448.000000 -1.176316619 0.050868832 -0.192589045 -0.057655405 -0.769603431 0.051960316 0.633787453
1750546164209751040.000000 -1.183209062 0.050466523 -0.196428776 0.058696270 0.773909450 -0.052054595 -0.628418148
1750546164276404224.000000 -1.199929595 0.054168530 -0.200099707 0.061595593 0.785362661 -0.050353907 -0.613902211
1750546164309730560.000000 -1.208961964 0.054658234 -0.202393770 0.062442951 0.792144299 -0.050113231 -0.605059564
1750546164376382464.000000 -1.227332473 0.055809930 -0.207338214 0.063295603 0.806820869 -0.051536858 -0.585130572
1750546164443034368.000000 -1.245014071 0.057272539 -0.211657405 0.063880660 0.818925440 -0.055829577 -0.567594528
1750546164509684480.000000 -1.257391334 0.053219274 -0.222290516 -0.066252783 -0.829585075 0.057375342 0.551459253
1750546164543010048.000000 -1.272698402 0.057038762 -0.219847441 0.066674232 0.836477399 -0.058821347 -0.540740490
1750546164609660416.000000 -1.289999723 0.055152088 -0.227689624 0.065498561 0.850669682 -0.059495658 -0.518200219
1750546164642985472.000000 -1.298726201 0.054927997 -0.232439637 0.064567298 0.858143985 -0.059957504 -0.505791485
1750546164709635328.000000 -1.315150857 0.055072814 -0.239992261 0.062513031 0.873129904 -0.061367139 -0.479552329
1750546164742959872.000000 -1.324166775 0.055835813 -0.243127584 0.061855443 0.880327821 -0.062457718 -0.466150135
1750546164809609216.000000 -1.343981504 0.055994637 -0.249460578 0.062372405 0.893371582 -0.064857677 -0.440216273
1750546164842933504.000000 -1.344620347 0.054533042 -0.258511066 -0.062212031 -0.898916125 0.065732822 0.428670794
1750546164909580800.000000 -1.362368822 0.055541221 -0.264269948 -0.062506467 -0.910613835 0.066834055 0.402999669
1750546164942904832.000000 -1.371118188 0.055105094 -0.267082214 -0.061848156 -0.916292548 0.067881778 0.389839679
1750546165009552128.000000 -1.387231112 0.055478260 -0.274682164 -0.060808528 -0.926834285 0.070741989 0.363697946
1750546165042875904.000000 -1.397168159 0.056497984 -0.278209090 -0.061442103 -0.931387186 0.071264260 0.351659477
1750546165109527808.000000 -1.419636250 0.059332591 -0.284923077 0.063446097 0.939610481 -0.070291080 -0.328886032
1750546165142854144.000000 -1.426857710 0.060941257 -0.289931774 0.064376749 0.943172038 -0.069890119 -0.318429887
1750546165209506304.000000 -1.439276099 0.062279694 -0.299208999 0.064617693 0.949873626 -0.070324607 -0.297689646
1750546165276158208.000000 -1.448787689 0.064630575 -0.309432864 0.064528793 0.956043065 -0.069661297 -0.277425677
1750546165309484032.000000 -1.452796459 0.065165102 -0.315864921 0.064468823 0.958808362 -0.069421142 -0.267789215
1750546165376133888.000000 -1.460694790 0.066214688 -0.328127742 0.064251162 0.963572443 -0.068823725 -0.250326216
1750546165442784256.000000 -1.469627380 0.065196209 -0.342680216 -0.065030456 -0.967747927 0.067615569 0.233801678
1750546165476109312.000000 -1.473575234 0.063068673 -0.347428203 0.065246098 0.969637752 -0.067333475 -0.225858033
1750546165542759168.000000 -1.476826429 0.062838271 -0.362418771 0.066488333 0.973060608 -0.067353286 -0.210228398
1750546165576083968.000000 -1.478209257 0.062785171 -0.371164203 0.067375913 0.974700451 -0.066904813 -0.202344537
1750546165642732800.000000 -1.479279518 0.062005866 -0.388900757 0.068057753 0.977529049 -0.065808803 -0.188346401
1750546165709381376.000000 -1.479102850 0.061447587 -0.405966640 0.067582123 0.979755700 -0.065640859 -0.176643133
1750546165776029440.000000 -1.477024913 0.059425972 -0.423014641 0.067137919 0.981379509 -0.066718794 -0.167139187
1750546165809352448.000000 -1.473641515 0.057376914 -0.435511231 -0.067195609 -0.981863916 0.068014637 0.163713425
1750546165875999488.000000 -1.473703384 0.055765197 -0.450034618 0.067802861 0.982847452 -0.071181916 -0.156035066
1750546165909322752.000000 -1.471158385 0.054332636 -0.458444238 0.067963436 0.983195186 -0.072446682 -0.153165713
1750546165975969280.000000 -1.467563152 0.052014526 -0.474956512 0.069040664 0.983770967 -0.076592647 -0.146839321
1750546166042615296.000000 -1.464519620 0.049868755 -0.491672993 0.071356967 0.984287918 -0.080273695 -0.140148833
1750546166109268736.000000 -1.462068677 0.048513137 -0.509349585 0.074397504 0.984513521 -0.082911693 -0.135365546
1750546166142596096.000000 -1.460520744 0.047853611 -0.517614722 0.076009646 0.984645605 -0.083949111 -0.132846534
1750546166209250304.000000 -1.456520081 0.048510019 -0.537326097 -0.078303836 -0.985168040 0.084885053 0.126913562
1750546166242576128.000000 -1.458312750 0.047530524 -0.545176864 0.079001039 0.985504746 -0.085941106 -0.123098873
1750546166309229824.000000 -1.455908895 0.047854580 -0.560130358 0.080846056 0.986029029 -0.087035157 -0.116771959
1750546166342556416.000000 -1.455437899 0.047680348 -0.568204641 0.081534877 0.986276031 -0.087165490 -0.114078358
1750546166409209600.000000 -1.454137087 0.047489293 -0.584128261 0.082221217 0.986818671 -0.087975033 -0.108116232
1750546166475861760.000000 -1.453462839 0.045700006 -0.599730372 0.082332313 0.987648964 -0.087506659 -0.100565955
1750546166509187584.000000 -1.453390598 0.044056110 -0.607499003 0.082758546 0.988040030 -0.087113984 -0.096639164
1750546166575839488.000000 -1.452854156 0.044211291 -0.623462915 -0.084050909 -0.988622189 0.086983398 0.089418322
1750546166609165312.000000 -1.453593731 0.044207301 -0.630621076 -0.084403925 -0.988929987 0.087387577 0.085187510
1750546166675815936.000000 -1.455346823 0.043199711 -0.644075751 0.086240880 0.989659429 -0.085546605 -0.076278806
1750546166709140224.000000 -1.456886649 0.040872950 -0.651645541 0.086970836 0.990096271 -0.083589621 -0.071820505
1750546166775790592.000000 -1.458558798 0.040948749 -0.668778896 0.087766193 0.990919888 -0.080478989 -0.062434837
1750546166842440448.000000 -1.459557652 0.041610412 -0.686526060 0.087102763 0.991960406 -0.076936431 -0.050085708
1750546166875764992.000000 -1.460291028 0.041491888 -0.695842505 0.086739123 0.992424190 -0.075895660 -0.042548396
1750546166942414336.000000 -1.460738182 0.041980736 -0.713262081 0.084958047 0.993117511 -0.076475695 -0.025518483
1750546166975738624.000000 -1.462066293 0.041466050 -0.723301530 0.085050255 0.993386269 -0.075581208 -0.015420019
1750546167042386944.000000 -1.463526249 0.040630586 -0.747576833 -0.086579822 -0.993243158 0.077123761 -0.004895451
1750546167075713024.000000 -1.464259148 0.039648473 -0.754989743 0.087388523 0.993069947 -0.077227123 0.014537922
1750546167142365440.000000 -1.466609836 0.037868470 -0.777503610 0.088076055 0.992510259 -0.077711381 0.033571959
1750546167175692032.000000 -1.467590213 0.037220955 -0.788355589 0.087997623 0.992133319 -0.078054510 0.042841684
1750546167242344960.000000 -1.468975186 0.035414249 -0.810198426 0.087933891 0.991260648 -0.077953942 0.059943948
1750546167308997376.000000 -1.470948577 0.033658519 -0.832273483 0.088531785 0.990038872 -0.079613835 0.075145356
1750546167342323456.000000 -1.471650243 0.033705741 -0.843989849 0.088959008 0.989446938 -0.079216644 0.082498297
1750546167375649536.000000 -1.471533418 0.033169165 -0.854890704 0.088643223 0.988886178 -0.078697301 0.089740686
1750546167442300672.000000 -1.469177961 0.029599562 -0.878048301 -0.087143138 -0.987717450 0.078107312 -0.103535898
1750546167475626240.000000 -1.470475197 0.029495969 -0.887920082 -0.086188786 -0.986983657 0.078296401 -0.110925600
1750546167542277120.000000 -1.472043872 0.025717214 -0.905489624 0.087078892 0.985061228 -0.078741193 0.125982180
1750546167575601408.000000 -1.471919298 0.025092602 -0.914532661 0.087301061 0.983910322 -0.080215059 0.133658573
1750546167608926208.000000 -1.471988082 0.023718581 -0.923155129 0.086844690 0.982716322 -0.081580304 0.141673103
1750546167675576064.000000 -1.471728325 0.021661758 -0.939724267 0.085474104 0.979659140 -0.082978822 0.161482558
1750546167708900608.000000 -1.470105052 0.020100132 -0.948779881 0.084720887 0.977796614 -0.082311213 0.173093021
1750546167742225152.000000 -1.469340324 0.018903464 -0.957479358 0.084296264 0.975854218 -0.081406355 0.184325293
1750546167775549696.000000 -1.467779875 0.018491998 -0.966281056 0.083910175 0.973927081 -0.080802359 0.194669545
1750546167808874240.000000 -1.466712594 0.017682552 -0.974767327 0.083115019 0.971905351 -0.079665601 0.205293387
1750546167875522048.000000 -1.463377833 0.015873134 -0.992125750 0.081937328 0.967787206 -0.073252015 0.226513401
1750546167908846080.000000 -1.458272815 0.017220542 -1.001553297 -0.080272876 -0.965974510 0.070843175 -0.235437647
1750546167942169856.000000 -1.457395196 0.017032683 -1.008275747 0.078669555 0.964067578 -0.068406068 0.244346887
1750546168008817152.000000 -1.450017929 0.013937742 -1.021012306 0.075504452 0.959989488 -0.065042682 0.261703581
1750546168042139648.000000 -1.446431398 0.012559280 -1.026264310 0.074563198 0.957560182 -0.064543292 0.270837665
1750546168075466752.000000 -1.442498922 0.011216477 -1.031823039 0.073781475 0.955171883 -0.063498050 0.279590726
1750546168108794880.000000 -1.439396977 0.009203896 -1.037958860 0.073627934 0.952739000 -0.062156789 0.288103849
1750546168142122752.000000 -1.435209394 0.007949010 -1.043181658 0.073637404 0.950496614 -0.060621008 0.295734406
1750546168208778496.000000 -1.425405145 0.006662011 -1.054031134 0.072558589 0.946119010 -0.057213780 0.310355812
1750546168242106368.000000 -1.419736266 0.006756797 -1.059410214 0.072496250 0.944131911 -0.056245863 0.316536963
1750546168275433728.000000 -1.413860798 0.007770285 -1.064233899 0.072875410 0.942484438 -0.055624377 0.321431398
1750546168308761344.000000 -1.408130169 0.009011939 -1.068762064 0.072681569 0.941188455 -0.055687647 0.325239360
1750546168375416064.000000 -1.395011187 0.011698201 -1.076604247 -0.072540894 -0.938766658 0.058387604 -0.331731588
1750546168408743168.000000 -1.388260007 0.011024192 -1.079817653 -0.072268575 -0.937244236 0.060761824 -0.335646391
1750546168442070272.000000 -1.379925251 0.008065656 -1.080735564 -0.071617864 -0.935847521 0.062733829 -0.339300662
1750546168475396096.000000 -1.374400139 0.010761023 -1.088045120 0.070867576 0.934160233 -0.065078601 0.343638331
1750546168542049536.000000 -1.356778860 0.009376451 -1.094652176 0.069420323 0.931858122 -0.067637376 0.349637717
1750546168575376384.000000 -1.347568035 0.009374425 -1.099107742 0.068481252 0.930804908 -0.067737162 0.352596492
1750546168608702720.000000 -1.338463545 0.009310260 -1.103838086 0.068225399 0.929771483 -0.068352006 0.355244160
1750546168642029056.000000 -1.329975843 0.009285495 -1.108035445 0.068927474 0.928888321 -0.070186511 0.357056558
1750546168708681472.000000 -1.311174154 0.007404402 -1.114691257 0.068486586 0.928055823 -0.070823722 0.359174013
1750546168742007296.000000 -1.302613497 0.006353900 -1.116827488 0.068727948 0.927402675 -0.072203383 0.360537708
1750546168775333120.000000 -1.293271780 0.004837930 -1.119038463 0.069039151 0.926413178 -0.074559823 0.362536997
1750546168841984512.000000 -1.274720907 0.001475617 -1.124215484 0.068947226 0.923736930 -0.077607922 0.368691534
1750546168875310336.000000 -1.264084339 -0.001068547 -1.125369191 -0.069036976 -0.922193229 0.078002676 -0.372436762
1750546168908634624.000000 -1.255308867 -0.001685143 -1.128108025 -0.069537573 -0.920388758 0.077703685 -0.376843870
1750546168941959936.000000 -1.245482802 -0.001100019 -1.131459355 -0.069159120 -0.918725908 0.076768287 -0.381138355
1750546168975284992.000000 -1.235667706 -0.000443995 -1.134925604 -0.068374820 -0.917072654 0.076280102 -0.385336250
1750546169041935104.000000 -1.220540166 -0.004408583 -1.137704015 0.065646023 0.913316250 -0.075680412 0.394736141
1750546169075261952.000000 -1.211761475 -0.005091488 -1.140441895 0.064501740 0.911056280 -0.075464249 0.400151402
1750546169108589312.000000 -1.203673005 -0.005823106 -1.143442154 0.064207591 0.909042418 -0.075392067 0.404765844
1750546169141916672.000000 -1.195770860 -0.006537274 -1.147016883 0.063809127 0.907407820 -0.075171851 0.408520132
1750546169175244032.000000 -1.188240886 -0.007287979 -1.150009871 0.063250050 0.905726016 -0.074863881 0.412377566
1750546169241898496.000000 -1.173161507 -0.009720489 -1.156733513 0.063272074 0.901185632 -0.075256392 0.422134638
1750546169275225600.000000 -1.165537715 -0.011404678 -1.160167336 0.062512025 0.898991466 -0.073959440 0.427126110
1750546169308552448.000000 -1.157518029 -0.012866929 -1.164181709 0.061508901 0.896922112 -0.072852775 0.431786865
1750546169375204864.000000 -1.139667273 -0.014040515 -1.176236868 -0.059664197 -0.892663777 0.069634981 -0.441296577
1750546169408531456.000000 -1.131824255 -0.015224919 -1.181865215 -0.058453172 -0.890093923 0.067897782 -0.446884871
1750546169441857792.000000 -1.122905254 -0.016092584 -1.187450886 -0.057470575 -0.887177646 0.067034639 -0.452901155
1750546169475183872.000000 -1.114171624 -0.017150655 -1.192715049 -0.057034835 -0.883910239 0.066403441 -0.459391326
1750546169508510464.000000 -1.105192423 -0.018007129 -1.197982073 -0.057015918 -0.880476594 0.065679245 -0.466043472
1750546169575162368.000000 -1.088695168 -0.019956723 -1.206746101 0.056701776 0.873191953 -0.064644806 0.479731113
1750546169608488448.000000 -1.079573393 -0.021288708 -1.212898254 0.058292031 0.869477928 -0.063495427 0.486393362
1750546169641814016.000000 -1.070574760 -0.024126098 -1.220135450 0.060578324 0.866030097 -0.063273340 0.492258877
1750546169708465152.000000 -1.049968362 -0.027826771 -1.234066725 0.062256463 0.860304117 -0.061425693 0.502223015
1750546169741790208.000000 -1.037922621 -0.028418586 -1.241044402 0.062014017 0.856706917 -0.059398953 0.508605301
1750546169775115520.000000 -1.025765657 -0.031010821 -1.247104645 0.061983906 0.851909280 -0.059120078 0.516636729
1750546169841764608.000000 -1.003879070 -0.035889864 -1.256561756 0.063147426 0.840327501 -0.062122304 0.534792483
1750546169875089664.000000 -0.992682338 -0.038283005 -1.263038158 0.063603282 0.835049093 -0.060611233 0.543115139
1750546169908414464.000000 -0.981881738 -0.040289640 -1.268153429 0.064431161 0.829824746 -0.060746312 0.550953150
1750546169975063808.000000 -0.962641120 -0.043949187 -1.279096007 -0.066215828 -0.816882551 0.065270260 -0.569261014
1750546170008388096.000000 -0.952950001 -0.044145018 -1.283074141 -0.067864321 -0.809494317 0.065611027 -0.579490066
1750546170041712384.000000 -0.943036795 -0.044993699 -1.287817359 -0.069113612 -0.802490532 0.066409923 -0.588916004
