1750970625589082368.000000 -0.000000000 -0.000000003 -0.000000006 0.000000013 0.000000001 0.000000000 1.000000000
1750970625622409984.000000 0.002921643 -0.001514824 0.017240582 -0.000565611 -0.003873125 0.000266859 0.999992371
1750970625655736576.000000 0.003811529 -0.000982155 0.033864070 -0.001828907 -0.007770501 -0.000244033 0.999968171
1750970625722396160.000000 0.009370508 -0.002841043 0.067970105 -0.003998829 -0.014779145 -0.001510440 0.999881685
1750970625755726336.000000 0.009011891 -0.001416528 0.083594710 -0.004443655 -0.017308647 -0.002479161 0.999837279
1750970625789056256.000000 0.010697569 -0.001628049 0.098726593 -0.005610905 -0.019844111 -0.003522827 0.999781132
1750970625822386176.000000 0.011018495 -0.004614065 0.116044380 -0.007381918 -0.022049911 -0.004408199 0.999719918
1750970625855716096.000000 0.010098109 0.000849239 0.136118874 -0.008150625 -0.024400532 -0.006146798 0.999650180
1750970625889046016.000000 0.007448182 0.000488239 0.148548767 -0.009385379 -0.027093938 -0.007930136 0.999557436
1750970625955705088.000000 0.007593477 -0.005124111 0.170820385 -0.010877532 -0.033244122 -0.008694093 0.999350309
1750970625989034752.000000 0.008092123 -0.003373762 0.185231209 -0.011395143 -0.036041375 -0.009685508 0.999238431
1750970626022363904.000000 0.004064271 -0.005288040 0.197252348 -0.012200212 -0.037538592 -0.010307414 0.999167502
1750970626055693312.000000 0.002231446 -0.006400398 0.210728243 -0.012146655 -0.038873408 -0.011217657 0.999107420
1750970626089021440.000000 0.001988857 -0.002539458 0.225091383 -0.011352501 -0.040203098 -0.012257099 0.999051929
1750970626155679744.000000 -0.004517426 0.004429157 0.260542095 -0.010515578 -0.041786615 -0.013675378 0.998977661
1750970626189008640.000000 -0.009811087 0.005581734 0.274452388 -0.011351535 -0.041875899 -0.014453592 0.998953819
1750970626222337792.000000 -0.014370007 0.011984538 0.288831890 -0.012145296 -0.040727161 -0.015156351 0.998981535
1750970626255666432.000000 -0.021457130 0.010685061 0.301234305 -0.013771073 -0.038612872 -0.016081374 0.999029934
1750970626288995072.000000 -0.027046600 0.015054489 0.316455752 -0.013830940 -0.036398362 -0.017590592 0.999086797
1750970626322323712.000000 -0.023912439 0.017927283 0.348212659 -0.014136035 -0.034922957 -0.017635619 0.999134362
1750970626388980992.000000 -0.034698345 0.019848807 0.376902312 -0.012207391 -0.032439455 -0.020278152 0.999193490
1750970626422309376.000000 -0.041296832 0.017740609 0.379599392 -0.010608129 -0.031274378 -0.019826623 0.999257922
1750970626455637760.000000 -0.045183934 0.017515298 0.399472654 -0.008771930 -0.030694732 -0.020437110 0.999281347
1750970626488965632.000000 -0.049095791 0.016625589 0.415224791 -0.007051961 -0.029873583 -0.020612635 0.999316216
1750970626522292736.000000 -0.053238772 0.019029904 0.432217509 -0.005204749 -0.028891901 -0.020594168 0.999356806
1750970626555621120.000000 -0.060184270 0.017278723 0.447977901 -0.005155741 -0.027656725 -0.020811269 0.999387562
1750970626588948992.000000 -0.065555975 0.015904786 0.464862436 -0.005893413 -0.026658470 -0.019753261 0.999432087
1750970626622277120.000000 -0.072770558 0.019389033 0.479181737 -0.005355378 -0.025616914 -0.018822132 0.999480307
1750970626655604736.000000 -0.078284152 0.018630357 0.495223135 -0.004844749 -0.025034117 -0.017831618 0.999515891
1750970626688933888.000000 -0.092042722 0.011235992 0.509886563 -0.004783091 -0.023966782 -0.018024826 0.999538839
1750970626722262784.000000 -0.105035245 0.003327940 0.521463931 -0.004223913 -0.022585925 -0.016441643 0.999600768
1750970626755592448.000000 -0.097494274 0.011699686 0.542135775 -0.002105729 -0.023572138 -0.015520518 0.999599516
1750970626822250240.000000 -0.106960803 0.014395090 0.570967555 -0.004878899 -0.020699123 -0.015142832 0.999659240
1750970626855579136.000000 -0.112164341 0.015740201 0.586846232 -0.007779402 -0.018947175 -0.016662255 0.999651372
1750970626888908032.000000 -0.115578532 0.013869927 0.601929903 -0.010712449 -0.017612109 -0.018065052 0.999624372
1750970626922236672.000000 -0.118995748 0.013340076 0.616675973 -0.012366283 -0.016813470 -0.019526135 0.999591470
1750970626955565312.000000 -0.129772887 0.008998394 0.632808506 -0.014091596 -0.016283095 -0.019912727 0.999569833
1750970626988892672.000000 -0.135871768 0.013510765 0.643390775 -0.014322126 -0.017079471 -0.019944487 0.999552608
1750970627022220800.000000 -0.131008461 0.010061008 0.663647830 -0.015744362 -0.019766351 -0.019095331 0.999498308
1750970627055549440.000000 -0.134263396 0.007422955 0.677989900 -0.016922122 -0.022054752 -0.018219013 0.999447525
1750970627088877568.000000 -0.138116539 0.005531318 0.691695333 -0.017550031 -0.024671782 -0.017647414 0.999385774
1750970627122205696.000000 -0.132597953 0.010865600 0.709306717 -0.017867148 -0.028420849 -0.016666831 0.999297380
1750970627155534080.000000 -0.135546178 0.009538159 0.723421395 -0.020860434 -0.031582266 -0.015903924 0.999156952
1750970627188861952.000000 -0.135093153 0.012933871 0.738275409 -0.023571450 -0.035451673 -0.015026760 0.998980403
1750970627222189568.000000 -0.136406317 0.016777774 0.755594373 -0.025335707 -0.039596554 -0.014248610 0.998792887
1750970627255517184.000000 -0.133147478 0.024520960 0.769779921 -0.025573542 -0.044580873 -0.012499017 0.998600185
1750970627322172672.000000 -0.127452910 0.024478527 0.801712990 -0.023756834 -0.055524275 -0.007112907 0.998149335
1750970627355500288.000000 -0.124364018 0.019827070 0.820477843 -0.023172807 -0.061373618 -0.003851020 0.997838497
1750970627388827648.000000 -0.121316269 0.023331672 0.836339295 -0.022119952 -0.066425085 -0.000584986 0.997546017
1750970627422153984.000000 -0.121360138 0.015818110 0.852453053 -0.021377603 -0.070856571 0.001770095 0.997255921
1750970627455481344.000000 -0.112906195 0.018857818 0.870839119 -0.018735271 -0.075929046 0.003500332 0.996931136
1750970627522135296.000000 -0.107030638 0.007298866 0.911768258 -0.019846819 -0.084285796 0.006506935 0.996222734
1750970627555462400.000000 -0.106082022 0.006208874 0.929096758 -0.018839981 -0.089758612 0.006668355 0.995763063
1750970627622115840.000000 -0.098201677 0.005093521 0.966770887 -0.017914783 -0.102509595 0.006391873 0.994550228
1750970627655442688.000000 -0.098058671 -0.000861981 0.981328785 -0.019747129 -0.109113164 0.005998370 0.993815064
1750970627722101504.000000 -0.098093204 0.007181512 1.009069562 -0.018853879 -0.121880256 0.005451713 0.992350757
1750970627755431168.000000 -0.099142700 0.006539994 1.024688244 -0.020937083 -0.128218576 0.004771565 0.991513431
1750970627822090496.000000 -0.107581437 0.000528684 1.051267147 -0.023015877 -0.139350832 0.003887851 0.989968002
1750970627855418624.000000 -0.110404052 -0.005778423 1.064031363 -0.024514109 -0.145586252 0.003421136 0.989035964
1750970627888748032.000000 -0.118655108 -0.004919156 1.073241115 -0.024103951 -0.151529744 0.002372861 0.988155961
1750970627955406336.000000 -0.128389791 0.001522729 1.095524311 -0.018753482 -0.162706882 0.001434632 0.986495256
1750970628022064384.000000 -0.138794273 0.003198383 1.117197037 -0.015574286 -0.173478574 -0.000803723 0.984714210
1750970628055393280.000000 -0.143926188 0.004029699 1.127220750 -0.013994721 -0.178175226 -0.002310140 0.983896613
1750970628088722176.000000 -0.149339765 -0.002550884 1.140823126 -0.013430218 -0.182135299 -0.004197866 0.983172894
1750970628155379456.000000 -0.169691414 -0.001345761 1.160357356 -0.012563180 -0.187230095 -0.009745667 0.982187450
1750970628188708096.000000 -0.179600298 0.001043262 1.171471238 -0.011147153 -0.189582750 -0.013315410 0.981711209
1750970628222036480.000000 -0.191824928 0.004436691 1.177094102 -0.009142774 -0.192049041 -0.018185582 0.981174290
1750970628255364864.000000 -0.206575856 0.006057881 1.188187242 -0.007196671 -0.194713205 -0.023229817 0.980558693
1750970628322020352.000000 -0.231538296 0.005659499 1.212952852 -0.000700798 -0.199367672 -0.030904507 0.979437113
1750970628355348224.000000 -0.244292706 0.004847703 1.222637177 0.001825368 -0.201363951 -0.034115002 0.978920519
1750970628388676352.000000 -0.257162511 0.003411327 1.233134866 0.003662652 -0.203050956 -0.036745813 0.978471577
1750970628455332352.000000 -0.286955029 0.001039606 1.254735708 0.009734581 -0.205820575 -0.039269604 0.977753103
1750970628488659968.000000 -0.299121857 -0.000379579 1.262408495 0.014570159 -0.207358405 -0.038745288 0.977388859
1750970628521987328.000000 -0.306800544 0.000775062 1.270664334 0.018639714 -0.209708497 -0.038018368 0.976846695
1750970628588642560.000000 -0.332848907 -0.000234792 1.287347436 0.024579732 -0.214405164 -0.037911095 0.975699306
1750970628621969920.000000 -0.343158901 -0.000239631 1.295492172 0.025993560 -0.217338175 -0.037840404 0.975016236
1750970628655297280.000000 -0.351720512 -0.000200931 1.305246115 0.026468916 -0.221263960 -0.037779465 0.974122405
1750970628721956608.000000 -0.372781992 -0.001007980 1.323336244 0.026416842 -0.230836585 -0.035974681 0.971968353
1750970628755285248.000000 -0.382244229 -0.001214204 1.332469106 0.025653707 -0.236269042 -0.034880724 0.970722497
1750970628788614656.000000 -0.391700506 -0.001057198 1.342656016 0.024978513 -0.242405564 -0.034510817 0.969239235
1750970628855273984.000000 -0.413547903 -0.003447259 1.358823061 0.024230903 -0.256488025 -0.035992123 0.965573072
1750970628888603136.000000 -0.424990207 -0.003015870 1.368101716 0.023611916 -0.263912588 -0.036847219 0.963553309
1750970628921932800.000000 -0.436326504 -0.001529107 1.377910137 0.022687580 -0.271662980 -0.038332831 0.961361110
1750970628988590592.000000 -0.460342705 0.002313912 1.397571087 0.020238532 -0.287008524 -0.041068610 0.956833303
1750970629021920000.000000 -0.474169850 0.002826322 1.405989647 0.019560596 -0.294240206 -0.041961532 0.954609573
1750970629088577792.000000 -0.495944917 0.011447379 1.428523898 0.017823748 -0.309882224 -0.042281464 0.949667156
1750970629121906432.000000 -0.504934371 0.016088119 1.440876007 0.017084664 -0.317429453 -0.040950425 0.947243273
1750970629155235072.000000 -0.513947845 0.020680590 1.453554630 0.017463317 -0.325363010 -0.039608587 0.944597900
1750970629221891072.000000 -0.540295124 0.019376781 1.474351525 0.015587585 -0.341213763 -0.033704828 0.939251959
1750970629255219456.000000 -0.548711061 0.020673214 1.490538597 0.015062583 -0.350296497 -0.029539024 0.936051846
1750970629321876224.000000 -0.568959653 0.018618546 1.521189094 0.016335757 -0.364336878 -0.019998675 0.930909157
1750970629388532224.000000 -0.589632213 0.019276666 1.552446365 0.011317991 -0.376013637 -0.016657937 0.926395297
1750970629421860352.000000 -0.611240268 0.016046641 1.564080715 0.010258099 -0.380107075 -0.015491765 0.924755931
1750970629488515840.000000 -0.631274343 0.015417129 1.588998437 0.008199151 -0.390071064 -0.013270561 0.920652688
1750970629521843712.000000 -0.641120791 0.016898375 1.601964593 0.006819032 -0.394584388 -0.012791613 0.918745399
1750970629588498944.000000 -0.659769535 0.017713483 1.623406887 0.003819735 -0.402497023 -0.012119841 0.915333092
1750970629621826048.000000 -0.668082118 0.018068232 1.633416653 0.003827565 -0.405695319 -0.010329062 0.913941979
1750970629688482048.000000 -0.696912408 0.010666351 1.651066303 0.002022888 -0.411341459 -0.008883915 0.911435783
1750970629721811456.000000 -0.703517795 0.012237242 1.660960913 0.001240922 -0.414511234 -0.007374945 0.910013497
1750970629788471040.000000 -0.724883437 0.014862042 1.677599669 0.001200490 -0.419236660 -0.006333463 0.907854140
1750970629821800192.000000 -0.735428333 0.016951436 1.685954332 0.001088457 -0.420772016 -0.005817175 0.907147169
1750970629888459264.000000 -0.766980290 0.011575121 1.697698712 0.000311960 -0.421534419 -0.006164785 0.906791389
1750970629955117568.000000 -0.789757431 0.016654296 1.711225510 0.002258688 -0.421689153 -0.005486019 0.906721115
1750970629988446464.000000 -0.801442564 0.020784922 1.717647552 0.004543235 -0.421763867 -0.005252514 0.906679153
1750970630055104512.000000 -0.828885376 0.028295815 1.727921486 0.008106873 -0.422191650 -0.005994224 0.906450570
1750970630121761024.000000 -0.862905145 0.025570096 1.735370755 0.011550345 -0.423293531 -0.008543520 0.905878723
1750970630155089664.000000 -0.875304937 0.028236549 1.742352605 0.014063498 -0.424881488 -0.009214405 0.905092835
1750970630221746688.000000 -0.906974196 0.029406011 1.751586676 0.018848678 -0.428435802 -0.010137502 0.903318822
1750970630255075072.000000 -0.922410131 0.030608309 1.757403135 0.020200046 -0.430798918 -0.011031861 0.902154386
1750970630321731328.000000 -0.955878139 0.031366102 1.767853737 0.019740185 -0.435634732 -0.012817034 0.899815857
1750970630355059712.000000 -0.982620299 0.026232800 1.773198962 0.018912502 -0.436390519 -0.013389667 0.899459004
1750970630388387328.000000 -0.992585182 0.028541701 1.782844305 0.019536339 -0.438246399 -0.012172710 0.898560166
1750970630455043328.000000 -1.021451712 0.030407835 1.793241858 0.019867619 -0.441108495 -0.011980254 0.897153854
1750970630488370944.000000 -1.034684420 0.031537630 1.799103498 0.018957812 -0.443168581 -0.011582890 0.896162987
1750970630555025152.000000 -1.062822938 0.032577440 1.811510801 0.016206570 -0.449658722 -0.012740660 0.892962515
1750970630588352512.000000 -1.083127022 0.025780547 1.809243679 0.013087472 -0.451976001 -0.013521479 0.891831636
1750970630655007488.000000 -1.106475115 0.028150994 1.824255705 0.008742142 -0.461936593 -0.014343017 0.886753857
1750970630688336384.000000 -1.117204428 0.030470096 1.831263065 0.007025105 -0.468503743 -0.014704176 0.883311272
1750970630721665792.000000 -1.127690673 0.031846993 1.838665724 0.005770483 -0.475643516 -0.014725777 0.879495978
1750970630788324352.000000 -1.150712013 0.033293135 1.850138783 0.004203207 -0.489908814 -0.013401466 0.871660590
1750970630854982912.000000 -1.182206035 0.026049536 1.854082108 0.000295453 -0.503017604 -0.012612090 0.864184141
1750970630888311808.000000 -1.193011284 0.030178601 1.864046812 -0.001017769 -0.511393964 -0.012151971 0.859259903
1750970630921640960.000000 -1.204312325 0.032976739 1.871734142 -0.002701753 -0.520231783 -0.011620035 0.853941739
1750970630988297472.000000 -1.228752613 0.037933555 1.886969805 -0.006153675 -0.538813591 -0.011308132 0.842326701
1750970631021626112.000000 -1.241269588 0.039946761 1.894680500 -0.007047203 -0.548490524 -0.010743213 0.836058080
1750970631054954752.000000 -1.264511824 0.032887314 1.887168169 -0.008820524 -0.556173384 -0.010785759 0.830949545
1750970631088283392.000000 -1.276115417 0.034854081 1.897557378 -0.009001684 -0.566377461 -0.009562074 0.824041426
1750970631154939904.000000 -1.300773978 0.036458462 1.913478136 -0.006540520 -0.586757541 -0.005393001 0.809718370
1750970631221596416.000000 -1.327169418 0.035920441 1.927116156 -0.004061243 -0.608727157 -0.001610275 0.793367624
1750970631254924288.000000 -1.340864897 0.036130674 1.933208704 -0.002606327 -0.620330930 0.000158484 0.784335852
1750970631288252416.000000 -1.355038762 0.035775229 1.938988447 -0.001507654 -0.631990075 0.001536032 0.774973452
1750970631354907904.000000 -1.379524112 0.031810571 1.953369021 0.000799360 -0.655942678 0.003900558 0.754800260
1750970631388235520.000000 -1.391442776 0.032527246 1.958485961 0.001491429 -0.667983472 0.005366394 0.744155288
1750970631421562112.000000 -1.405388236 0.032904230 1.961640239 0.001787474 -0.679826200 0.005437366 0.733350933
1750970631488217344.000000 -1.431139469 0.032853004 1.966836691 0.001957264 -0.703940392 0.006359500 0.710228026
1750970631521544704.000000 -1.442389846 0.033523712 1.968741894 0.001619951 -0.716073155 0.008115549 0.697976232
1750970631554871808.000000 -1.456812620 0.028072177 1.968692422 0.000749097 -0.728859246 0.008767536 0.684607089
1750970631588198912.000000 -1.469172478 0.029417599 1.970193624 -0.000515355 -0.741405189 0.009247441 0.670993805
1750970631621526272.000000 -1.481123924 0.030935321 1.971320868 -0.002464006 -0.753380835 0.009481904 0.657511532
1750970631688213760.000000 -1.503099203 0.032719150 1.968241334 -0.005388070 -0.775757134 0.009219863 0.630941272
1750970631721586944.000000 -1.512690425 0.033324085 1.964218259 -0.006127404 -0.787171245 0.009257234 0.616634667
1750970631754960640.000000 -1.517849565 0.031985380 1.967224479 0.006668567 0.798529029 -0.009545345 -0.601843774
1750970631788334336.000000 -1.526057720 0.033337981 1.962314725 0.007228887 0.809603751 -0.010022275 -0.586846769
1750970631855083008.000000 -1.541787505 0.034219578 1.950962782 0.007974599 0.829758048 -0.011199221 -0.557953835
1750970631888458496.000000 -1.548019886 0.036052652 1.944901943 0.007769131 0.838037848 -0.012823990 -0.545405984
1750970631921834496.000000 -1.554483533 0.037196122 1.937728167 0.007800167 0.844777286 -0.014134599 -0.534874499
1750970631988587520.000000 -1.566384673 0.036237739 1.923543811 0.006961328 0.855291009 -0.015464531 -0.517870307
1750970632021965056.000000 -1.570562840 0.039601754 1.914760947 0.005372349 0.859073639 -0.016796902 -0.511548221
1750970632055342848.000000 -1.574379444 0.041911889 1.904626846 0.002999319 0.862249374 -0.018334201 -0.506143153
1750970632088721152.000000 -1.578503370 0.038281523 1.893933654 0.001119628 0.864873707 -0.019310899 -0.501616836
1750970632155479296.000000 -1.585399866 0.037803426 1.869688153 -0.003221642 0.869027555 -0.022626912 -0.494235665
1750970632188859136.000000 -1.591711521 0.037421890 1.862213373 -0.004035073 0.871304750 -0.024465915 -0.490115553
1750970632222239232.000000 -1.594822884 0.038288113 1.853305578 -0.005168706 0.872946560 -0.026623955 -0.487061471
1750970632255620096.000000 -1.597774506 0.039631721 1.842257023 -0.006591090 0.874548554 -0.028649328 -0.484046161
1750970632322382080.000000 -1.604761839 0.040451527 1.818258405 -0.008239021 0.878184795 -0.031442411 -0.477215886
1750970632355764224.000000 -1.608917952 0.040772807 1.808226109 -0.008969053 0.880470574 -0.033330943 -0.472842723
1750970632389146880.000000 -1.610000372 0.034710791 1.791652918 -0.009017225 0.882507384 -0.034687087 -0.468930960
1750970632455913472.000000 -1.617361069 0.040117174 1.776582479 -0.010650951 0.888017476 -0.039781634 -0.457961768
1750970632489297664.000000 -1.621372223 0.041507818 1.767150879 -0.011138934 0.890922785 -0.040726312 -0.452187896
1750970632522682112.000000 -1.625941038 0.043782674 1.757680416 -0.011519466 0.894194603 -0.040800419 -0.445666611
1750970632556067328.000000 -1.629700184 0.044187725 1.748308778 -0.012703637 0.897912085 -0.040306367 -0.438141406
1750970632622838784.000000 -1.633098841 0.034709580 1.725199819 -0.013238880 0.906438887 -0.035718169 -0.420615703
1750970632656225536.000000 -1.640949488 0.036088727 1.719569564 -0.013356267 0.911357343 -0.034907456 -0.409915805
1750970632689575168.000000 -1.647761583 0.037018485 1.713769078 -0.012727469 0.916076899 -0.034702569 -0.399295509
1750970632722913024.000000 -1.654407263 0.037972070 1.707394481 -0.011699057 0.920577347 -0.034748942 -0.388835639
1750970632756249856.000000 -1.660328388 0.039006341 1.700381517 -0.010479227 0.924777687 -0.034867868 -0.378762096
1750970632822925824.000000 -1.658710241 0.035918318 1.662378788 0.008641604 -0.931657135 0.033308778 0.361705661
1750970632856263680.000000 -1.673743248 0.037618600 1.673995495 -0.006663335 0.935901523 -0.033061486 -0.350643694
1750970632889601536.000000 -1.682567596 0.039474793 1.666214347 -0.005249394 0.939642131 -0.031752903 -0.340641886
1750970632956277248.000000 -1.699794531 0.042486221 1.648492098 -0.001407394 0.947256088 -0.027190842 -0.319318950
1750970632989614848.000000 -1.709545374 0.043151647 1.640051246 0.000973205 0.950865328 -0.025412969 -0.308558464
1750970633022952448.000000 -1.718405485 0.044497523 1.631808281 0.003219477 0.954178751 -0.024659906 -0.298202157
1750970633056290560.000000 -1.727185011 0.044752289 1.623729229 0.005521770 0.957500637 -0.025447443 -0.287253559
1750970633122966016.000000 -1.736758709 0.045509212 1.606845140 0.010118479 0.963969409 -0.027520252 -0.264392346
1750970633156303616.000000 -1.748005152 0.045988295 1.602318406 0.011602486 0.967528462 -0.029844645 -0.250725776
1750970633189640192.000000 -1.757935047 0.046639889 1.594773531 0.013250080 0.970860302 -0.031850882 -0.237150356
1750970633222978048.000000 -1.767519474 0.046117872 1.586522102 0.015219785 0.973897934 -0.034227241 -0.223874465
1750970633256315648.000000 -1.777894258 0.046236724 1.577141762 0.016332161 0.976841092 -0.036255468 -0.210238948
1750970633322990848.000000 -1.795070648 0.045662768 1.553882360 0.017348228 0.982371688 -0.037547745 -0.182305008
1750970633356328704.000000 -1.799486399 0.043482587 1.535225630 0.016951645 0.984608173 -0.038773671 -0.169575766
1750970633389666304.000000 -1.805642128 0.043971598 1.527883410 0.016776118 0.986975074 -0.039696299 -0.154993936
1750970633423003648.000000 -1.813649178 0.044611223 1.516852260 0.016600696 0.989297330 -0.039077230 -0.139600113
1750970633489678592.000000 -1.827494144 0.044923946 1.496190310 0.016612737 0.993219078 -0.039034657 -0.108242005
1750970633523016448.000000 -1.833811760 0.046459094 1.488310814 0.017281335 0.994811237 -0.039701913 -0.092064276
1750970633556353792.000000 -1.841248512 0.038943440 1.460591674 -0.019012189 -0.996043682 0.039411590 0.077346034
1750970633589691392.000000 -1.843469143 0.041424021 1.470796108 0.020526316 0.997001767 -0.040666923 -0.062549606
1750970633623028736.000000 -1.846164465 0.037927210 1.464697719 0.021904221 0.997677803 -0.040924072 -0.049844462
1750970633689703168.000000 -1.853164673 0.037111059 1.444193959 0.025465161 0.998446465 -0.041015260 -0.027821166
1750970633723041024.000000 -1.855823517 0.037498713 1.435162306 0.026782267 0.998607457 -0.041822910 -0.017797837
1750970633756378880.000000 -1.857923985 0.037614331 1.424338698 0.028125379 0.998680413 -0.042130832 -0.008458438
1750970633823054848.000000 -1.867930651 0.040456817 1.405340314 0.031918012 0.998486280 -0.043931313 0.008745368
1750970633856392448.000000 -1.869011521 0.038968518 1.395118952 0.033352118 0.998365045 -0.043547537 0.016080184
1750970633889730304.000000 -1.868849754 0.041040167 1.383995295 0.034572344 0.998219609 -0.043282673 0.022113031
1750970633956405760.000000 -1.865495920 0.043711931 1.359747529 0.036654145 0.997957289 -0.042321332 0.030768763
1750970633989743616.000000 -1.863683820 0.043238357 1.349036574 0.037014972 0.997878432 -0.041847348 0.033426400
1750970634023081216.000000 -1.855895400 0.049323037 1.318578005 -0.036471989 -0.997848153 0.042267032 -0.034387253
1750970634089755648.000000 -1.855311751 0.047618046 1.319626212 0.033100627 0.997633636 -0.047305070 0.037334312
1750970634123093504.000000 -1.853013754 0.050760314 1.310262442 0.029819567 0.997466385 -0.051420216 0.039085001
1750970634156431104.000000 -1.844550014 0.051108360 1.300329924 0.025981922 0.997297823 -0.055651054 0.040310588
1750970634189768704.000000 -1.834225655 0.049912840 1.289773107 0.022058500 0.997133553 -0.059546616 0.041138060
1750970634256443904.000000 -1.813686848 0.048699617 1.265697837 0.014586953 0.996922135 -0.064979605 0.041365709
1750970634289781760.000000 -1.804076791 0.047662839 1.252820969 0.011428792 0.996861577 -0.067050859 0.040503558
1750970634323119104.000000 -1.795317531 0.046744794 1.240581870 0.008573582 0.996833622 -0.068563059 0.039349962
1750970634389794304.000000 -1.779442549 0.044189036 1.214483619 0.005361387 0.996947765 -0.068900660 0.036320332
1750970634423131904.000000 -1.774319768 0.043674216 1.202269554 0.004691015 0.997001469 -0.068810262 0.035089377
1750970634456469504.000000 -1.765107393 0.043067992 1.183261395 -0.004654885 -0.997091889 0.068447918 -0.033182099
1750970634489806848.000000 -1.768386722 0.045034796 1.182681680 0.005301307 0.997143447 -0.068032317 0.032380920
1750970634556480768.000000 -1.757403493 0.043940023 1.159031272 0.005524828 0.997278154 -0.066538319 0.031281825
1750970634623155712.000000 -1.748065352 0.042693973 1.135035276 0.006398378 0.997231483 -0.066156641 0.033343084
1750970634656493312.000000 -1.745165110 0.044379920 1.123771310 0.007256129 0.997226179 -0.065005697 0.035518471
1750970634723168256.000000 -1.737477779 0.044632658 1.099254966 0.008722340 0.997178674 -0.061690278 0.041868776
1750970634756505600.000000 -1.740257978 0.043153301 1.089404583 0.009951847 0.997084975 -0.059878092 0.046229549
1750970634789842944.000000 -1.749248862 0.046955228 1.082701445 0.011753555 0.996810257 -0.059973039 0.051327161
1750970634856517632.000000 -1.748320222 0.048047706 1.059010983 0.014896383 0.996389627 -0.058354355 0.059838224
1750970634889854720.000000 -1.749231577 0.048970148 1.046341300 0.016281568 0.996164918 -0.056947764 0.064400665
1750970634923192064.000000 -1.749093413 0.049373850 1.032926440 0.017439155 0.995905161 -0.055621766 0.069102250
1750970634989865472.000000 -1.746022463 0.051304191 1.005565166 0.018551558 0.995126128 -0.052909441 0.081120297
1750970635023202816.000000 -1.744576931 0.052381158 0.990537405 0.018947061 0.994522929 -0.051818952 0.088769354
1750970635056539904.000000 -1.742097855 0.053531244 0.975865126 0.020048451 0.993799150 -0.051276252 0.096602805
1750970635089877248.000000 -1.697570801 0.041621298 0.936814189 -0.021392999 -0.993389726 0.050133981 -0.101024248
1750970635156551424.000000 -1.721824288 0.049415544 0.926670790 0.025259594 0.991111398 -0.054204579 0.118836373
1750970635189888512.000000 -1.723818541 0.049619511 0.913841128 0.026744459 0.989890456 -0.056301750 0.127404124
1750970635223225600.000000 -1.723413467 0.047967240 0.897285938 0.027955754 0.988525629 -0.057365861 0.136911809
1750970635256562432.000000 -1.722556591 0.047229663 0.881014109 0.028984929 0.987023056 -0.058182530 0.146833941
1750970635289899520.000000 -1.721339941 0.045288175 0.863171577 0.029846508 0.985355794 -0.058693159 0.157284170
1750970635323236352.000000 -1.719347000 0.042902291 0.845487714 0.030291840 0.983479977 -0.058481015 0.168610647
1750970635356573696.000000 -1.716693401 0.041233391 0.827311635 0.030408595 0.981455863 -0.058984485 0.179835007
1750970635389910528.000000 -1.712745905 0.039923072 0.809384584 0.030160066 0.979311466 -0.059416804 0.191073522
1750970635423246336.000000 -1.708117247 0.037800416 0.791760921 0.028891480 0.977085888 -0.058511816 0.202595413
1750970635489920256.000000 -1.696609735 0.036017671 0.758477569 0.026548387 0.971700132 -0.056028347 0.227936417
1750970635523257088.000000 -1.665275812 0.029271111 0.730076909 -0.025098410 -0.968923807 0.054131884 -0.240055352
1750970635556593920.000000 -1.686217546 0.036738262 0.734268188 0.024305357 0.964664042 -0.053442705 0.256858796
1750970635589930752.000000 -1.684401870 0.038449764 0.722595692 0.024318334 0.960337877 -0.052838326 0.272704929
1750970635623267584.000000 -1.680469751 0.038609058 0.710383892 0.023875024 0.955923200 -0.052288122 0.287935346
1750970635656604416.000000 -1.675315857 0.038558304 0.698144197 0.023021806 0.951623201 -0.051112462 0.302110642
1750970635689941504.000000 -1.668765306 0.037864581 0.685590744 0.022316303 0.947636545 -0.048830155 0.314805627
1750970635723278592.000000 -1.661055565 0.037063658 0.673168898 0.021786902 0.943853378 -0.046653274 0.326327473
1750970635756615680.000000 -1.653624892 0.035920084 0.662081480 0.021104097 0.940226912 -0.045744997 0.336801767
1750970635789953024.000000 -1.645411491 0.034900174 0.651507616 0.020107036 0.936569929 -0.045192141 0.346973062
1750970635823290112.000000 -1.606835246 0.025834158 0.623694181 -0.018324625 -0.933767676 0.044000562 -0.354691684
1750970635856626176.000000 -1.627231359 0.032513559 0.634024620 0.017681608 0.929458976 -0.045605984 0.365668625
1750970635889963264.000000 -1.620292187 0.034278885 0.627599955 0.016958792 0.925805151 -0.045836315 0.374828339
1750970635923300352.000000 -1.611591816 0.036466740 0.618009090 0.015711375 0.922250032 -0.045230098 0.383617550
1750970635956637184.000000 -1.601318955 0.038010307 0.607943535 0.014629605 0.918848276 -0.044113360 0.391864598
1750970635989974272.000000 -1.558868766 0.031781413 0.580251455 -0.012765583 -0.916669369 0.041590769 -0.397271484
1750970636023311360.000000 -1.578133345 0.041418977 0.588502884 0.012700000 0.913181007 -0.041270789 0.405260235
1750970636056648192.000000 -1.567996383 0.043427281 0.579588413 0.012253156 0.910570979 -0.041068893 0.411124885
1750970636123322368.000000 -1.549432278 0.038201720 0.563409567 0.014103528 0.905164957 -0.042304084 0.422714919
1750970636156659200.000000 -1.543074131 0.031451337 0.561953187 0.015654102 0.903000474 -0.042975660 0.427198142
1750970636189995776.000000 -1.533440828 0.030019149 0.554619551 0.016924892 0.900844574 -0.045520987 0.431416780
1750970636223332864.000000 -1.523858786 0.029781662 0.546519160 0.017613163 0.898655653 -0.049166504 0.435534716
1750970636256669696.000000 -1.529208779 0.028115317 0.553955674 0.018498503 0.896619380 -0.052445240 0.439296216
1750970636290006272.000000 -1.518101454 0.024885759 0.550267696 0.019311031 0.895113170 -0.054446165 0.442080498
1750970636323342336.000000 -1.506469727 0.022337124 0.545691848 0.019434532 0.893228769 -0.055810180 0.445701599
1750970636356678912.000000 -1.401672840 0.016492307 0.482838750 -0.017344626 -0.893408060 0.055386372 -0.445481330
1750970636390015488.000000 -1.453880548 0.029026851 0.513623238 0.020177884 0.889517248 -0.059400957 0.452574253
1750970636423352576.000000 -1.439534426 0.028767571 0.508580208 0.022042548 0.887699723 -0.060923655 0.455841750
1750970636456689152.000000 -1.426006079 0.029218793 0.503777623 0.023485931 0.885641098 -0.062466834 0.459549993
1750970636490025984.000000 -1.413251400 0.029997170 0.500621796 0.024038291 0.883387327 -0.064203456 0.463602185
1750970636523362560.000000 -1.400503397 0.032568052 0.497015953 0.025270324 0.881090999 -0.065785147 0.467667103
1750970636556699392.000000 -1.388051271 0.033736274 0.495265722 0.025906360 0.878823161 -0.066442356 0.471788347
1750970636590035712.000000 -1.366230249 0.019891337 0.476219535 -0.024632066 -0.876043618 0.064625569 -0.477246791
1750970636623372288.000000 -1.375769734 0.024933934 0.476942062 0.024982804 0.872575819 -0.065019079 0.483487338
1750970636656708864.000000 -1.366948485 0.021635458 0.470900655 0.025574299 0.869519293 -0.065420568 0.488878667
1750970636690045952.000000 -1.358817935 0.020751923 0.467256188 0.026964998 0.866261601 -0.066364750 0.494428545
1750970636723383296.000000 -1.349848509 0.018872991 0.462980151 0.028287392 0.862632990 -0.067381680 0.500523746
1750970636756719616.000000 -1.340105057 0.016741499 0.459552765 0.029566448 0.858667493 -0.067953005 0.507147372
1750970636790056704.000000 -1.330322623 0.016005561 0.455374479 0.031036932 0.854471982 -0.068296507 0.514052570
1750970636823393792.000000 -1.319075108 0.015137270 0.449963093 0.032667164 0.850203574 -0.068387464 0.520970225
1750970636856730880.000000 -1.310674191 0.019806936 0.436574697 0.034085240 0.845236421 -0.068668373 0.528865039
1750970636890067968.000000 -1.307347417 0.015581235 0.434155464 0.034141645 0.841218531 -0.066331856 0.535524011
1750970636923405056.000000 -1.295029998 0.013830066 0.427605987 0.033964995 0.837430716 -0.063910261 0.541730344
1750970636956742400.000000 -1.282273889 0.012224227 0.420972943 0.033304431 0.833592117 -0.062124521 0.547864556
1750970636990079488.000000 -1.269965887 0.011340305 0.414743662 0.032382961 0.829198360 -0.061128322 0.554657459
1750970637023416320.000000 -1.257311106 0.010371283 0.408551574 0.031920604 0.824305773 -0.060707204 0.561975002
1750970637056753408.000000 -1.245406628 0.010291040 0.403262734 0.031896964 0.818984389 -0.060682632 0.569705963
1750970637090090240.000000 -1.214791059 0.013822645 0.387217402 -0.031807978 -0.813511372 0.061329462 -0.577430665
1750970637123427072.000000 -1.225278854 0.021701545 0.375702620 0.033328597 0.806269109 -0.062087454 0.587336779
1750970637156764160.000000 -1.215154886 0.022088885 0.368050694 0.034032304 0.800957978 -0.061237626 0.594607532
1750970637190100224.000000 -1.205165744 0.021537751 0.357478976 0.035767402 0.795699537 -0.060541075 0.601596057
1750970637223437056.000000 -1.193141341 0.020345308 0.349654675 0.037141886 0.791274428 -0.059516460 0.607423425
1750970637256773888.000000 -1.179884076 0.018186145 0.341812372 0.037617907 0.787061095 -0.058799129 0.612913132
1750970637290110720.000000 -1.165549040 0.016187184 0.333060503 0.038085774 0.782736003 -0.058323242 0.618443489
1750970637323447808.000000 -1.153032184 0.016293854 0.322094798 0.038409282 0.777920544 -0.058321711 0.624470234
1750970637356784384.000000 -1.140203357 0.011377744 0.315960169 0.037954137 0.774271190 -0.058115702 0.629035950
1750970637390121216.000000 -1.125933647 0.009382218 0.309221983 0.037914034 0.771019936 -0.058505610 0.632983387
1750970637423458048.000000 -1.113106728 0.007768758 0.303127766 0.038516976 0.768438280 -0.059392743 0.635996521
1750970637456794880.000000 -1.100404501 0.005287915 0.297762275 0.038554098 0.765973270 -0.060145762 0.638890564
1750970637490131712.000000 -1.086772799 0.003443547 0.292274594 0.038093034 0.763224483 -0.060147811 0.642199099
1750970637523468288.000000 -1.076642871 0.007754214 0.279976547 0.038165439 0.758431852 -0.061345011 0.647735536
1750970637556804864.000000 -1.065604687 0.003612071 0.276229560 0.037879165 0.754405260 -0.062282898 0.652348697
1750970637590141440.000000 -1.054620862 0.003818795 0.273176491 0.037769351 0.749463975 -0.063260630 0.657932639
1750970637623478272.000000 -1.042309046 0.003350280 0.270360172 0.037152495 0.744003952 -0.063198864 0.664141417
1750970637656813824.000000 -1.030787945 0.002031453 0.268655241 0.036530271 0.738240480 -0.062290978 0.670661211
1750970637690162176.000000 -1.000566363 -0.000216879 0.263051331 -0.035920814 -0.731793880 0.061542995 -0.677790523
1750970637723513856.000000 -1.005856633 0.000871092 0.254443526 0.036391094 0.724244416 -0.061040815 0.685871482
1750970637756866304.000000 -0.998990417 -0.004592977 0.253755033 0.034909155 0.717870414 -0.058960781 0.692796588
1750970637790218496.000000 -0.987467051 -0.006285511 0.252299130 0.033815891 0.711614609 -0.057179265 0.699422419
1750970637823570944.000000 -0.975857913 -0.007579461 0.252456725 0.032885063 0.706055105 -0.055209044 0.705235302
1750970637856923904.000000 -0.963375747 -0.008378290 0.252973139 0.031721137 0.700470150 -0.053914741 0.710935056
1750970637890276608.000000 -0.957242489 -0.016443916 0.252387226 0.030480724 0.694622815 -0.052853763 0.716782153
1750970637923629568.000000 -0.928344071 -0.006997012 0.269188285 -0.031437147 -0.690837562 0.054708827 -0.720251441
1750970637956982528.000000 -0.925662994 -0.004305277 0.249346912 0.031767603 0.681425214 -0.055060122 0.729122043
1750970637990336256.000000 -0.915617347 -0.006241329 0.249631047 0.031076668 0.675490141 -0.054114327 0.734723806
1750970638023689728.000000 -0.903221667 -0.006078530 0.252568245 0.030285541 0.670202374 -0.053176399 0.739651203
1750970638090396160.000000 -0.878155947 -0.004770104 0.261840284 0.028100753 0.661584496 -0.051947959 0.747541189
1750970638123750144.000000 -0.867655098 -0.003885154 0.268555462 0.027359789 0.657163501 -0.052165914 0.751442909
1750970638157104128.000000 -0.854460895 -0.003747307 0.268130481 0.026976842 0.650687277 -0.051955797 0.757085919
1750970638190458880.000000 -0.843071163 -0.003937844 0.273944527 0.026458718 0.644977272 -0.052001450 0.761971295
1750970638223813376.000000 -0.832384467 -0.004640553 0.279873759 0.026464805 0.638972342 -0.053053427 0.766941547
1750970638257168128.000000 -0.820986390 -0.005102597 0.286226243 0.026201870 0.632882893 -0.053874835 0.771926343
1750970638290522880.000000 -0.809403181 -0.005099505 0.293083727 0.025862418 0.626658797 -0.054162964 0.776979029
1750970638323877632.000000 -0.797723293 -0.007582203 0.300190270 0.026175248 0.621232867 -0.054020703 0.781323493
1750970638357232896.000000 -0.789019883 -0.009745810 0.303303391 0.026841292 0.614997506 -0.054921586 0.786155999
1750970638390588160.000000 -0.778673887 -0.011392759 0.310833037 0.026864598 0.609246194 -0.055569697 0.790575325
1750970638423943680.000000 -0.768507838 -0.013033774 0.318913490 0.027235094 0.602985442 -0.056044795 0.795314908
1750970638457299456.000000 -0.759545028 -0.014324218 0.326098114 0.028545493 0.595855296 -0.056553394 0.800589442
1750970638490655488.000000 -0.750932217 -0.013117081 0.337247819 0.028793158 0.589143038 -0.056302954 0.805550456
1750970638524010496.000000 -0.742945492 -0.019265577 0.343626082 0.027015930 0.580202579 -0.054408353 0.812203705
1750970638557366528.000000 -0.733545303 -0.020946067 0.352367461 0.027266858 0.571120620 -0.053546268 0.818663895
1750970638590722816.000000 -0.724503756 -0.022738945 0.360350519 0.028468516 0.561847448 -0.052025113 0.825112343
1750970638624079616.000000 -0.715910792 -0.024257660 0.367737472 0.029001988 0.552866936 -0.050000947 0.831262290
1750970638657436416.000000 -0.710306704 -0.015817106 0.369605064 0.030686120 0.542819142 -0.050883021 0.837745011
1750970638690779648.000000 -0.703409195 -0.019197449 0.377014339 0.029980773 0.533377767 -0.048761595 0.843938231
1750970638724119552.000000 -0.695008576 -0.019781511 0.384938896 0.027795885 0.523644984 -0.046093516 0.850234568
1750970638757458688.000000 -0.689009428 -0.020997077 0.390290856 0.026525099 0.513802409 -0.043713883 0.856383502
1750970638790798336.000000 -0.682416201 -0.023729986 0.398067594 0.026158748 0.504330218 -0.041952666 0.862094402
1750970638824137984.000000 -0.675138354 -0.025836891 0.406216383 0.025253084 0.494241774 -0.040686507 0.868004620
1750970638857477120.000000 -0.666303277 -0.021871265 0.407284498 0.024696076 0.483433306 -0.040540602 0.874093175
1750970638890817024.000000 -0.660471797 -0.026484236 0.410787135 0.024435466 0.472526819 -0.038874388 0.880119324
1750970638924156160.000000 -0.645307899 -0.026721787 0.431705803 0.023799056 0.463419795 -0.038139775 0.884997845
1750970638957495808.000000 -0.646276593 -0.025479164 0.428376436 0.022591162 0.453691840 -0.037915282 0.890065134
1750970638990834432.000000 -0.638743281 -0.025777059 0.437525183 0.020726183 0.445099890 -0.036609828 0.894492209
1750970639024173824.000000 -0.630275905 -0.024764035 0.450847805 0.019598683 0.436776608 -0.035468031 0.898656845
1750970639057513472.000000 -0.624287605 -0.026888594 0.451315224 0.018330252 0.427342147 -0.034885813 0.903230727
1750970639090852864.000000 -0.617336333 -0.026644504 0.461178303 0.016387319 0.418467402 -0.033950180 0.907449126
1750970639124192512.000000 -0.610229850 -0.026056819 0.471035928 0.014966869 0.409048915 -0.032969471 0.911793888
1750970639157531648.000000 -0.601886094 -0.024794631 0.474396080 0.014644670 0.398276657 -0.031909794 0.916593194
1750970639190871296.000000 -0.597001672 -0.024326175 0.482937783 0.013970121 0.388788074 -0.031053361 0.920697808
1750970639224210688.000000 -0.591544747 -0.023866707 0.492658436 0.013579837 0.379233778 -0.030792749 0.924688697
1750970639257550336.000000 -0.578144073 -0.022936307 0.497314692 0.014039877 0.368512869 -0.030033680 0.929031312
1750970639290889728.000000 -0.572262645 -0.023889491 0.506823838 0.013868174 0.358978182 -0.029609824 0.932773054
1750970639324229120.000000 -0.561326206 -0.023037005 0.513273656 0.015749678 0.348784089 -0.028832125 0.936627150
1750970639357568512.000000 -0.556171656 -0.025269708 0.521565855 0.017315535 0.339741886 -0.027743254 0.939949989
1750970639390907904.000000 -0.550393760 -0.028866276 0.527735174 0.018772259 0.330519050 -0.026582981 0.943238139
1750970639424246528.000000 -0.534692764 -0.025352761 0.538208604 0.020301390 0.320170552 -0.026161075 0.946780980
1750970639457586176.000000 -0.528331637 -0.027633404 0.548046947 0.021576168 0.311692655 -0.025151182 0.949604988
1750970639490925312.000000 -0.518236816 -0.026538409 0.555855930 0.023324864 0.302944869 -0.024545118 0.952406406
1750970639524264704.000000 -0.507035255 -0.027736280 0.564964175 0.024332130 0.294614553 -0.023585392 0.955015242
1750970639557604352.000000 -0.500404477 -0.029743660 0.577071667 0.023839965 0.288025051 -0.022994846 0.957049906
1750970639590943488.000000 -0.493829131 -0.031633336 0.589665234 0.023084816 0.281498134 -0.022759328 0.959014058
1750970639624283392.000000 -0.486782849 -0.032972708 0.602718353 0.022558710 0.275189996 -0.022904912 0.960852265
1750970639657622528.000000 -0.474630713 -0.030913429 0.603777349 0.022657039 0.266736150 -0.022428453 0.963242173
1750970639690962432.000000 -0.469324619 -0.032314815 0.615242004 0.021433976 0.260702640 -0.022577124 0.964917123
1750970639724302592.000000 -0.464849263 -0.033418152 0.626778185 0.020821733 0.254306316 -0.023321554 0.966618299
1750970639757642496.000000 -0.460986733 -0.034599982 0.638035178 0.021423800 0.247598380 -0.024877189 0.968306422
1750970639790982656.000000 -0.457056522 -0.034809705 0.649041176 0.021665202 0.240661785 -0.026278187 0.970011413
1750970639824322816.000000 -0.447981864 -0.031276003 0.650120437 0.022820147 0.231459558 -0.027010918 0.972201765
1750970639857661952.000000 -0.445830137 -0.031789400 0.660991192 0.022529554 0.223960966 -0.028091248 0.973932683
1750970639891001856.000000 -0.444758058 -0.031275883 0.675123274 0.021318071 0.216761708 -0.029570712 0.975543737
1750970639924342272.000000 -0.443444163 -0.032747336 0.688046038 0.020187918 0.209345624 -0.030624522 0.977153540
1750970639957682176.000000 -0.434326917 -0.031964749 0.687235355 0.021067068 0.200461313 -0.030539492 0.978998959
1750970639991022080.000000 -0.433131218 -0.033698678 0.700061321 0.021087067 0.193467915 -0.030971820 0.980390906
1750970640024362240.000000 -0.431438178 -0.034530949 0.712276042 0.021439865 0.186528206 -0.030686419 0.981736243
1750970640057702400.000000 -0.429646313 -0.034749001 0.723577440 0.022985678 0.180336595 -0.030394243 0.982866526
1750970640091042560.000000 -0.423516750 -0.031307898 0.725470901 0.026433913 0.173568711 -0.030059623 0.984007955
1750970640124382464.000000 -0.421891421 -0.030878205 0.738602877 0.028575584 0.168405667 -0.028413760 0.984893680
1750970640157722624.000000 -0.419484943 -0.030198712 0.750402331 0.029738449 0.163699508 -0.025823055 0.985723794
1750970640191062784.000000 -0.417742699 -0.028424747 0.764429331 0.029511916 0.159503967 -0.024205375 0.986459136
1750970640224402944.000000 -0.418509841 -0.028549926 0.781601846 0.028150504 0.156138241 -0.023629567 0.987051189
1750970640257742848.000000 -0.418177247 -0.026721204 0.797720671 0.026760500 0.152275681 -0.023244750 0.987702250
1750970640291083008.000000 -0.411256135 -0.020327292 0.797793150 0.027239135 0.145919114 -0.024672614 0.988613665
1750970640324422144.000000 -0.413108408 -0.019811559 0.812318921 0.028355449 0.140343547 -0.025922541 0.989357293
1750970640357762048.000000 -0.413456559 -0.020756241 0.825375080 0.030194592 0.134511009 -0.026769141 0.990090191
1750970640391102208.000000 -0.410464615 -0.019730072 0.837913632 0.031601250 0.128744960 -0.028300865 0.990770042
1750970640424442368.000000 -0.422074050 -0.018552557 0.863804340 0.033159237 0.126246586 -0.029704506 0.990999520
1750970640457782528.000000 -0.417271227 -0.012005970 0.862907708 0.036987759 0.121356316 -0.030679952 0.991445124
1750970640491122432.000000 -0.420188010 -0.012582756 0.878802180 0.038453311 0.117739640 -0.031507868 0.991799414
1750970640524462592.000000 -0.423158526 -0.012798749 0.893266022 0.038742788 0.113384560 -0.032638453 0.992258906
1750970640557802752.000000 -0.426523328 -0.011906809 0.908904552 0.038596880 0.108844951 -0.033398204 0.992747605
1750970640591142912.000000 -0.424674302 -0.009812482 0.918208957 0.038311783 0.104555830 -0.032672197 0.993243575
1750970640624482816.000000 -0.427166402 -0.010236470 0.935600698 0.037054278 0.101604834 -0.031801946 0.993625760
1750970640657822976.000000 -0.430310816 -0.010124121 0.951550663 0.035977092 0.099427313 -0.031109732 0.993907452
1750970640691162880.000000 -0.434217840 -0.009814186 0.966097474 0.035597846 0.097196206 -0.030722821 0.994153857
1750970640724502784.000000 -0.436855525 -0.013663038 0.985554338 0.035465818 0.094061263 -0.030320490 0.994472444
1750970640757841664.000000 -0.441168755 -0.014212074 0.999987721 0.036044948 0.090253055 -0.030911295 0.994786263
1750970640791181312.000000 -0.435312063 -0.007666327 0.991802871 0.036609061 0.084899776 -0.030955739 0.995235443
1750970640824521472.000000 -0.438955456 -0.008727286 1.003427625 0.035185181 0.081278361 -0.031404808 0.995575011
1750970640857861376.000000 -0.444008768 -0.008908900 1.016548038 0.034497961 0.077163868 -0.032489263 0.995891631
1750970640891201280.000000 -0.449297160 -0.009508575 1.029101849 0.034046639 0.071585320 -0.033551112 0.996288478
1750970640924540928.000000 -0.455360353 -0.010322446 1.049082756 0.034019325 0.066260293 -0.034505542 0.996625125
1750970640957881088.000000 -0.459694624 -0.011050506 1.061182022 0.033962969 0.060647521 -0.035613235 0.996945381
1750970640991220736.000000 -0.463861883 -0.011315779 1.073086023 0.033716992 0.054718640 -0.036890306 0.997250319
1750970641024560384.000000 -0.467613280 -0.011374244 1.084451079 0.034137204 0.048104107 -0.038057152 0.997533083
1750970641057900544.000000 -0.470451802 -0.011478549 1.095453262 0.035667989 0.040800169 -0.038514569 0.997787476
1750970641091240448.000000 -0.471559525 -0.011215160 1.105946302 0.037235629 0.032777600 -0.038732953 0.998017490
1750970641124580352.000000 -0.471697152 -0.009090775 1.117759347 0.037474651 0.023641331 -0.039053287 0.998254299
1750970641157920000.000000 -0.471737266 -0.007129897 1.129745126 0.037338801 0.014148013 -0.039396737 0.998425603
1750970641191259136.000000 -0.470907807 -0.004316139 1.142755985 0.036152162 0.003654527 -0.039536603 0.998557270
1750970641224598784.000000 -0.471017689 -0.001123958 1.155884624 0.034645673 -0.007249692 -0.039087955 0.998608708
1750970641257938688.000000 -0.470490843 0.002390623 1.170957685 0.033188056 -0.018645072 -0.038620174 0.998528659
1750970641291278592.000000 -0.457743883 0.001476517 1.162769437 0.032570224 -0.030877311 -0.036575343 0.998322666
1750970641324618240.000000 -0.467067301 0.008470923 1.200160265 0.033340059 -0.041628197 -0.035052359 0.997961402
1750970641357958656.000000 -0.464778692 0.009754960 1.216145754 0.034033764 -0.053109381 -0.031481832 0.997511923
1750970641391298304.000000 -0.460875154 0.009450557 1.231997371 0.034981627 -0.064114586 -0.026640693 0.996973395
1750970641424638208.000000 -0.459208190 0.001459798 1.217575669 0.035655364 -0.072256684 -0.019790180 0.996552110
1750970641491318016.000000 -0.452242702 0.001173356 1.250579000 0.034852248 -0.089896895 -0.007387794 0.995313704
1750970641524657664.000000 -0.452540010 -0.000463255 1.266710997 0.033728924 -0.098003052 -0.002278166 0.994611859
1750970641557997568.000000 -0.445555389 -0.002444913 1.281457901 0.032387443 -0.107441589 0.001881144 0.993682027
1750970641624677376.000000 -0.441710174 -0.001470803 1.313124657 0.032151897 -0.124186553 0.007787949 0.991707265
1750970641658016512.000000 -0.441272855 -0.001979180 1.328524232 0.031820670 -0.132453412 0.009357111 0.990634143
1750970641691391744.000000 -0.441489786 -0.002683494 1.343251228 0.031649821 -0.140906319 0.010176340 0.989464641
1750970641758225664.000000 -0.435460597 -0.002833384 1.365400791 0.032235999 -0.160432205 0.010686812 0.986462474
1750970641791643136.000000 -0.437866747 -0.003676090 1.376798630 0.032695416 -0.171098858 0.010681370 0.984653294
1750970641825061376.000000 -0.441111624 -0.004113451 1.386940479 0.032995228 -0.182405546 0.010683449 0.982611597
1750970641891899136.000000 -0.451841831 -0.005489442 1.405867219 0.033332322 -0.203937352 0.010828955 0.978356421
1750970641925318912.000000 -0.453234673 -0.005319440 1.420132041 0.031825073 -0.214874253 0.010765689 0.976063728
1750970641958738944.000000 -0.458994389 -0.005718414 1.430175543 0.029722920 -0.225160778 0.010675862 0.973809659
1750970642025580544.000000 -0.471690089 -0.008151985 1.449354291 0.024529245 -0.245301872 0.010006594 0.969084680
1750970642059002112.000000 -0.480093092 -0.007251677 1.457488179 0.023175996 -0.254346430 0.009670243 0.966787100
1750970642092423424.000000 -0.489401668 -0.002575563 1.464301825 0.022856291 -0.262084723 0.009425514 0.964728117
1750970642159269120.000000 -0.506759703 -0.002304419 1.478193045 0.022480672 -0.276202470 0.008711221 0.960797071
1750970642192692480.000000 -0.516321063 -0.001498319 1.484331131 0.022562183 -0.282243311 0.009134544 0.959034026
1750970642226116608.000000 -0.526661396 -0.000546117 1.490505219 0.022339545 -0.287448406 0.009177942 0.957491577
1750970642292966400.000000 -0.549614429 0.001939747 1.506116748 0.022864986 -0.294252843 0.008073791 0.955419958
1750970642326391808.000000 -0.558833897 0.004243614 1.512187958 0.024224481 -0.297358423 0.006032648 0.954439521
1750970642359817984.000000 -0.573178530 0.005374851 1.515653372 0.025976377 -0.299910426 0.004015939 0.953605235
1750970642393244672.000000 -0.585598826 0.007683739 1.519250631 0.028901812 -0.302431047 0.002289652 0.952730298
1750970642460099328.000000 -0.613526046 0.012319127 1.525857210 0.034968991 -0.306874156 -0.002053737 0.951105297
1750970642493527296.000000 -0.628012419 0.011394232 1.530316591 0.038628783 -0.308390379 -0.003889053 0.950467288
1750970642526954752.000000 -0.643884659 0.012272116 1.532165766 0.042674169 -0.310383528 -0.005768484 0.949635625
1750970642593813248.000000 -0.672226369 0.013931655 1.536056280 0.049895916 -0.316682547 -0.010927470 0.947155356
1750970642627243264.000000 -0.686125875 0.014826200 1.537875414 0.053105723 -0.319914252 -0.012933945 0.945868611
1750970642660673536.000000 -0.699436307 0.015558681 1.540714145 0.054630190 -0.323281437 -0.014994679 0.944605708
1750970642727389952.000000 -0.718262792 0.012405477 1.547656178 0.054647151 -0.329820991 -0.017621934 0.942295849
1750970642760722176.000000 -0.728041291 0.014282889 1.551833034 0.054807801 -0.333585709 -0.019191440 0.940929592
1750970642794054144.000000 -0.738278866 0.016030561 1.555229545 0.055526800 -0.337515175 -0.020437704 0.939458668
1750970642827386112.000000 -0.746977985 0.016814725 1.559304714 0.056844030 -0.341380924 -0.020616813 0.937978089
1750970642894050048.000000 -0.767515123 0.014388963 1.565415859 0.056136504 -0.348866850 -0.021277701 0.935247540
1750970642927381760.000000 -0.770986795 0.014331356 1.573557019 0.055094521 -0.352968663 -0.020379638 0.933789253
1750970642994043904.000000 -0.784492075 0.015296457 1.586285472 0.055185795 -0.360234469 -0.017650647 0.931060791
1750970643027375360.000000 -0.790727198 0.016921841 1.592934132 0.054740120 -0.364515334 -0.016391866 0.929442525
1750970643094038528.000000 -0.812513113 0.016229616 1.605262518 0.053113863 -0.371886224 -0.013155803 0.926664174
1750970643127369984.000000 -0.817497611 0.012964766 1.614540458 0.050746392 -0.376269102 -0.011548182 0.925047576
1750970643160701184.000000 -0.824948788 0.014379587 1.624360800 0.048268270 -0.380704105 -0.010376935 0.923378050
1750970643227363584.000000 -0.841155648 0.017802022 1.644240856 0.044091254 -0.390304595 -0.008104566 0.919593811
1750970643260694528.000000 -0.854811430 0.023353785 1.652260542 0.043370578 -0.395214379 -0.006728027 0.917539835
1750970643294025728.000000 -0.862404227 0.024741290 1.662551165 0.043628342 -0.401486069 -0.004401049 0.914814830
1750970643360687616.000000 -0.877687514 0.027331958 1.685719490 0.044718813 -0.414783031 0.002444044 0.908817649
1750970643394018048.000000 -0.886332870 0.028103195 1.698786736 0.044425007 -0.421360165 0.005804803 0.905786037
1750970643427347968.000000 -0.896487594 0.028005283 1.712442398 0.042820890 -0.427771300 0.009255136 0.902824700
1750970643494009344.000000 -0.920830250 0.025930163 1.739455700 0.038501117 -0.441507936 0.012860425 0.896338761
1750970643527339776.000000 -0.931789041 0.025052737 1.752744913 0.036945745 -0.449172139 0.013909976 0.892572641
1750970643594000640.000000 -0.953484058 0.024333999 1.777528763 0.037331011 -0.466497302 0.016291618 0.883584380
1750970643627330816.000000 -0.964681506 0.023471579 1.789477587 0.037423894 -0.475400865 0.017384991 0.878801107
1750970643660661248.000000 -0.976085961 0.022746772 1.799780369 0.036793277 -0.484167218 0.017379690 0.874028742
1750970643727327488.000000 -1.003198147 0.019738629 1.822028160 0.035183556 -0.501796544 0.016252656 0.864117026
1750970643760660480.000000 -1.013662577 0.019782938 1.829005599 0.034312226 -0.511211216 0.015301451 0.858633578
1750970643793993216.000000 -1.024184465 0.019702636 1.834828854 0.033435274 -0.521004260 0.014590952 0.852774143
1750970643860657408.000000 -1.046246409 0.018682212 1.846287847 0.032335345 -0.541476727 0.014187209 0.839973867
1750970643893990144.000000 -1.056603074 0.018518060 1.851240158 0.031535763 -0.552030563 0.013750224 0.833113909
1750970643927322624.000000 -1.067886353 0.014996611 1.858290315 0.029638670 -0.562892556 0.012534523 0.825903416
1750970643993987328.000000 -1.088693976 0.012991197 1.865896702 0.025261469 -0.582972586 0.011320477 0.812020183
1750970644027319808.000000 -1.099683881 0.013271507 1.868862867 0.023343720 -0.591973543 0.011104820 0.805542767
1750970644093984000.000000 -1.121780515 0.015049499 1.872709394 0.020256033 -0.608094037 0.009783027 0.793546200
1750970644127316480.000000 -1.136680603 0.019632790 1.876205444 0.019666662 -0.616234660 0.009626796 0.787258208
1750970644160648448.000000 -1.150714517 0.015660256 1.874641657 0.018869555 -0.623765469 0.008725362 0.781335175
1750970644193980416.000000 -1.161081553 0.017645847 1.874834538 0.018662816 -0.631720364 0.009038178 0.774919033
1750970644227312384.000000 -1.172063470 0.019675095 1.874795675 0.018727932 -0.639160335 0.009783847 0.768783271
1750970644293976064.000000 -1.194691777 0.023681417 1.871777534 0.019477334 -0.651976168 0.009671063 0.757927597
1750970644327307008.000000 -1.206047654 0.025446057 1.868835092 0.020630257 -0.657478213 0.009639666 0.753129482
1750970644360638464.000000 -1.218121648 0.023572810 1.865076780 0.022016961 -0.662839949 0.009660779 0.748375058
1750970644427301632.000000 -1.241622210 0.028029151 1.855336547 0.026905352 -0.673680782 0.010988527 0.738450825
1750970644493964800.000000 -1.261577249 0.031807818 1.842209816 0.031847414 -0.684062660 0.011963437 0.728629529
1750970644527296000.000000 -1.269889593 0.032867566 1.834970474 0.034034193 -0.689629316 0.012192822 0.723259687
1750970644593958400.000000 -1.303701401 0.030430377 1.826942921 0.034418546 -0.701298058 0.010480545 0.711959660
1750970644627289856.000000 -1.312920094 0.030539311 1.818631053 0.035731986 -0.706987917 0.010455003 0.706245124
1750970644693952768.000000 -1.327134848 0.028285235 1.804506063 0.037987966 -0.717653990 0.015172788 0.695197403
1750970644727286016.000000 -1.331200480 0.027976766 1.798042893 0.038693026 -0.723252416 0.017357524 0.689280510
1750970644760618240.000000 -1.336601138 0.026812404 1.792379618 0.039480966 -0.729067802 0.019417072 0.683026016
1750970644827284224.000000 -1.351033211 0.025460050 1.782402515 0.039339308 -0.741998434 0.022422770 0.668870747
1750970644860617472.000000 -1.359335780 0.024349600 1.777839065 0.038567144 -0.748880684 0.022817342 0.661188126
1750970644893950208.000000 -1.407101870 0.026947767 1.773886204 0.037405953 -0.755201638 0.021897804 0.654058039
1750970644960615936.000000 -1.418223858 0.026773095 1.772309422 0.034498200 -0.769198358 0.021028440 0.637731552
1750970644993948672.000000 -1.428729534 0.027708441 1.769065499 0.032914769 -0.776041389 0.021127671 0.629468083
1750970645060614144.000000 -1.448442936 0.026577607 1.761191845 0.030497184 -0.790194809 0.021019448 0.611735582
1750970645093946368.000000 -1.456946015 0.024222255 1.757644773 0.029428830 -0.797417104 0.021091083 0.602341354
1750970645127279104.000000 -1.467053175 0.023256689 1.752616644 0.028425023 -0.804877043 0.021225939 0.592380345
1750970645160611584.000000 -1.477577448 0.021336645 1.748544216 0.026978685 -0.812483311 0.020866217 0.581986010
1750970645193942784.000000 -1.489012361 0.026265651 1.738832712 0.025416330 -0.819205105 0.020847069 0.572557926
1750970645260607488.000000 -1.502830148 0.026649006 1.733312607 -0.022298420 0.834284961 -0.018609663 -0.550567985
1750970645293939712.000000 -1.513316989 0.028378040 1.727546215 -0.021267578 0.842228234 -0.018886292 -0.538370371
1750970645327271680.000000 -1.523526669 0.029731221 1.723323107 -0.020005411 0.850176632 -0.020383818 -0.525722444
1750970645360604160.000000 -1.535952091 0.028770275 1.718833208 -0.018419318 0.857607782 -0.021655928 -0.513518035
1750970645393935872.000000 -1.546710610 0.029452078 1.714571953 -0.017494917 0.864648938 -0.023242677 -0.501533628
1750970645460599808.000000 -1.570679665 0.031630315 1.704109788 -0.013979242 0.878565431 -0.025122717 -0.476755977
1750970645493931520.000000 -1.571666956 0.035566680 1.705095530 0.013108485 -0.886739075 0.028146854 0.461226344
1750970645527263488.000000 -1.584676266 0.036664121 1.694879532 -0.012346484 0.892520607 -0.031273440 -0.449751645
1750970645593926656.000000 -1.609842777 0.035583854 1.679653645 -0.010435030 0.905643523 -0.036588516 -0.422329634
1750970645627258368.000000 -1.621387482 0.036254507 1.674038410 -0.009260416 0.911410391 -0.039007973 -0.409540951
1750970645660589056.000000 -1.632696390 0.036278348 1.667535186 -0.007887514 0.916925609 -0.040500857 -0.396919191
1750970645693921024.000000 -1.644121170 0.036170073 1.661779165 -0.006788265 0.922105491 -0.041957829 -0.384597212
1750970645760587264.000000 -1.671586514 0.035888731 1.651303411 0.005094760 -0.932378531 0.044114903 0.358745277
1750970645793920256.000000 -1.675475121 0.033626381 1.648486853 -0.004811681 0.937140048 -0.044134408 -0.346118003
1750970645827252992.000000 -1.683803082 0.034533922 1.642358661 -0.004806630 0.942309201 -0.044217508 -0.331775814
1750970645893918720.000000 -1.699777126 0.035828006 1.629260659 -0.003132441 0.951955497 -0.044730045 -0.302935869
1750970645927251456.000000 -1.707350969 0.037871525 1.623132944 -0.002992488 0.956120789 -0.045590539 -0.289388388
1750970645960583936.000000 -1.713330269 0.038786877 1.615769863 -0.002633571 0.959819257 -0.045402348 -0.276909411
1750970646027249152.000000 -1.724104881 0.038956106 1.601081014 -0.002277170 0.966131747 -0.043911114 -0.254275829
1750970646060581376.000000 -1.729823589 0.038627714 1.592384577 -0.002855969 0.969113469 -0.043707516 -0.242694572
1750970646127245312.000000 -1.738716841 0.038630504 1.577431083 -0.003300687 0.974536419 -0.043273527 -0.219989285
1750970646160577536.000000 -1.742480755 0.039585348 1.570430398 -0.002493657 0.976862848 -0.043471761 -0.209387362
1750970646193909760.000000 -1.746297836 0.041085832 1.561786890 -0.001930176 0.978861868 -0.044232275 -0.199673131
1750970646260573952.000000 -1.754607916 0.042064894 1.543765187 0.000105794 0.982494175 -0.046095081 -0.180500880
1750970646293905920.000000 -1.757731915 0.043101974 1.534094930 0.001146156 0.984113634 -0.046946682 -0.171216652
1750970646327238144.000000 -1.761096954 0.041518331 1.521843433 0.002497209 0.985628128 -0.046676785 -0.162333652
1750970646393901824.000000 -1.767421007 0.043436479 1.501123905 0.003994008 0.988027751 -0.047355723 -0.146774486
1750970646427233792.000000 -1.769076109 0.044817768 1.490168333 0.003790724 0.989031017 -0.048271410 -0.139546081
1750970646493896960.000000 -1.769716263 0.047485877 1.466360450 0.002346155 0.990757704 -0.050782979 -0.125756904
1750970646527227648.000000 -1.770687342 0.048701014 1.454129219 0.001092556 0.991443098 -0.052133609 -0.119672507
1750970646560559104.000000 -1.769909143 0.049927171 1.442337155 -0.000190596 0.991958439 -0.054191098 -0.114376120
1750970646627221760.000000 -1.766723394 0.049978402 1.412070751 0.003127708 -0.992806613 0.059097003 0.104080759
1750970646693885440.000000 -1.765859842 0.050528046 1.394924164 -0.006024415 0.993626654 -0.063579224 -0.092884392
1750970646727217408.000000 -1.768612623 0.048081644 1.384459138 -0.006682009 0.993883848 -0.066594630 -0.087838180
1750970646793881856.000000 -1.767159462 0.046168566 1.360236406 -0.006937555 0.994171083 -0.071946949 -0.079996683
1750970646827213824.000000 -1.765166998 0.045643792 1.348631382 -0.006802425 0.994296134 -0.073136456 -0.077330247
1750970646893878016.000000 -1.761967659 0.045159951 1.325562716 -0.006383356 0.994417906 -0.075625598 -0.073301233
1750970646927209728.000000 -1.759222031 0.045303218 1.314654589 -0.006075555 0.994439244 -0.077482894 -0.071064673
1750970646993872384.000000 -1.754052639 0.042754523 1.286232710 0.006273827 -0.994496167 0.081208855 0.065902866
1750970647027204096.000000 -1.754635096 0.041983798 1.277443767 0.006613108 -0.994623363 0.082123339 0.062740758
1750970647060535552.000000 -1.754080296 0.041624881 1.268514156 0.006900638 -0.994767845 0.082764737 0.059492875
1750970647127198720.000000 -1.754149914 0.041652024 1.248932242 0.006715815 -0.995056748 0.083602108 0.053175882
1750970647160530176.000000 -1.753996968 0.041580223 1.238936067 0.006574605 -0.995221615 0.083698526 0.049852520
1750970647227192576.000000 -1.753538251 0.042984203 1.217055440 -0.005311964 0.995550811 -0.083703764 -0.042942930
1750970647260524032.000000 -1.756652355 0.042785384 1.207109451 -0.003923839 0.995757282 -0.083229445 -0.039051134
1750970647293854976.000000 -1.758063436 0.044163175 1.196594954 -0.002615530 0.995957673 -0.082489520 -0.035454523
1750970647360517120.000000 -1.762344003 0.045951098 1.174745560 -0.000254175 0.996339023 -0.080480188 -0.028836215
1750970647393848064.000000 -1.765339375 0.048084125 1.163759708 0.000960761 0.996527493 -0.079525225 -0.024655104
1750970647460508928.000000 -1.770254374 0.050203398 1.139810085 0.003712931 0.996830344 -0.078450985 -0.012685960
1750970647527170304.000000 -1.777103782 0.052056506 1.111246824 -0.007762119 -0.996867955 0.078697562 -0.000843604
1750970647560500736.000000 -1.782033443 0.053840756 1.099986553 -0.010334843 -0.996789932 0.079029836 -0.007582108
1750970647593831424.000000 -1.786059141 0.054669023 1.086063266 -0.012510874 -0.996638536 0.079658501 -0.014479848
1750970647660492032.000000 -1.795317173 0.048526987 1.058732986 0.017190784 0.996046841 -0.082195155 0.028967546
1750970647693823232.000000 -1.796828985 0.048373476 1.045727491 0.018736936 0.995679498 -0.083142214 0.036860369
1750970647760489216.000000 -1.800859094 0.046910316 1.016555548 0.019914793 0.994723856 -0.085072689 0.053763039
1750970647793822208.000000 -1.803210378 0.045700133 1.002556205 0.019616375 0.994205475 -0.085358903 0.062327001
1750970647827155200.000000 -1.805634260 0.044623226 0.988419175 0.019038586 0.993537128 -0.086411193 0.071095556
1750970647893819648.000000 -1.808488846 0.041626155 0.960336685 0.017504878 0.991998494 -0.088382885 0.088436849
1750970647927152128.000000 -1.809492826 0.040328160 0.945967197 0.017152505 0.991066754 -0.089142747 0.097704776
1750970647960484864.000000 -1.814045548 0.039891198 0.932683587 0.018266017 0.989957929 -0.090215482 0.107288927
1750970647993817344.000000 -1.816160917 0.039091647 0.917845964 -0.020214826 -0.988826036 0.090786219 -0.116500817
1750970648027149568.000000 -1.819789290 0.038405359 0.905745268 -0.022304231 -0.987580359 0.090957507 -0.126152337
1750970648093814272.000000 -1.824079394 0.037836492 0.880038023 -0.026680168 -0.984758854 0.091371641 -0.145566225
1750970648127146752.000000 -1.824243426 0.037577748 0.866693735 -0.028349014 -0.983287275 0.090116225 -0.155632734
1750970648160478976.000000 -1.824175119 0.037392527 0.853708267 -0.029716052 -0.981710911 0.087724641 -0.166328192
1750970648227143168.000000 -1.824228168 0.035390645 0.823680758 0.032374471 0.978152514 -0.081202477 0.188615441
1750970648260475136.000000 -1.821905136 0.033838958 0.811442614 0.032814670 0.976389468 -0.078390196 0.198599711
1750970648293807104.000000 -1.818573594 0.033102721 0.799440026 0.033319470 0.974505067 -0.076442644 0.208293915
1750970648327138048.000000 -1.814473629 0.032830864 0.787874222 0.033789061 0.972402394 -0.075767599 0.218062401
1750970648360470016.000000 -1.810254216 0.033722997 0.775971889 0.035067622 0.970242262 -0.075145982 0.227493629
1750970648427133440.000000 -1.799496174 0.032324821 0.754309654 0.037206043 0.965740263 -0.074579969 0.245762855
1750970648460464896.000000 -1.793981552 0.029937178 0.744018793 0.038080748 0.963650584 -0.073623605 0.253982395
1750970648493796608.000000 -1.786216259 0.029069304 0.734014273 0.038366456 0.961788893 -0.072281450 0.261277050
1750970648527128064.000000 -1.774025202 0.038057297 0.719033480 -0.038480937 -0.960146248 0.072302803 -0.267227888
1750970648560459264.000000 -1.766318560 0.040139169 0.709446669 -0.037818421 -0.958690822 0.071509942 -0.272705346
1750970648593790720.000000 -1.756998777 0.042233288 0.700407743 -0.036185592 -0.957424700 0.070259899 -0.277654618
1750970648627122432.000000 -1.749129772 0.042116463 0.695281506 0.033731330 0.956257343 -0.069737881 0.282082856
1750970648693785344.000000 -1.728017807 0.044059277 0.682265997 0.026439194 0.953419626 -0.075100318 0.290950090
1750970648727118848.000000 -1.717172861 0.044686213 0.677713156 0.024128472 0.951708913 -0.079680070 0.295497924
1750970648760450560.000000 -1.705283403 0.043261364 0.673019409 0.022616860 0.950029373 -0.084659740 0.299608856
1750970648793783552.000000 -1.692367077 0.041703075 0.668601751 0.020465542 0.948364735 -0.089147985 0.303707272
1750970648827116800.000000 -1.678725481 0.039916724 0.663646936 0.018590769 0.946843922 -0.092573784 0.307524383
1750970648860449792.000000 -1.665562510 0.039297611 0.658143520 0.016468350 0.945437551 -0.094569474 0.311341196
1750970648927115520.000000 -1.639450312 0.037969202 0.646531582 0.013141872 0.942422330 -0.096884832 0.319813818
1750970648960448256.000000 -1.620080590 0.037524313 0.637366772 -0.012157568 -0.940662622 0.098119952 -0.324620813
1750970648993780992.000000 -1.616337061 0.038416535 0.632395744 0.011641759 0.938134432 -0.099866480 0.331353217
1750970649027113472.000000 -1.606653452 0.037792683 0.628842592 0.011588257 0.935833335 -0.100783952 0.337526947
1750970649060445952.000000 -1.598136187 0.036631763 0.624169111 0.012135218 0.933498919 -0.101552300 0.343685448
1750970649093778688.000000 -1.590211630 0.035347074 0.619106531 0.013509769 0.931319952 -0.102010727 0.349362940
1750970649127111168.000000 -1.582333803 0.033307999 0.613882780 0.014483503 0.929133654 -0.101555064 0.355228841
1750970649193774848.000000 -1.566067696 0.030499935 0.602375507 0.014688176 0.924275041 -0.098216772 0.368582875
1750970649227107328.000000 -1.558852077 0.027940989 0.596656680 0.014928674 0.921514094 -0.097124808 0.375707030
1750970649260439296.000000 -1.550599098 0.025578171 0.591474533 0.015019584 0.918428898 -0.096715264 0.383287013
1750970649293771520.000000 -1.544701338 0.024501413 0.584881067 0.014969215 0.914762974 -0.096335910 0.392051220
1750970649327103488.000000 -1.534379244 0.027893007 0.577648401 -0.015452527 -0.910929859 0.096122988 -0.400909603
1750970649360435456.000000 -1.524507999 0.027833372 0.574838877 -0.015698306 -0.907189012 0.095643133 -0.409406960
1750970649427099648.000000 -1.508427143 0.028491676 0.564886451 -0.016764680 -0.898978651 0.093657032 -0.427533388
1750970649460431360.000000 -1.496482015 0.029182449 0.558589220 -0.017124049 -0.894709766 0.092118315 -0.436709940
1750970649493763328.000000 -1.488304377 0.029446185 0.551898479 -0.016883792 -0.890083551 0.090069674 -0.446490526
1750970649527095040.000000 -1.487508297 0.032300547 0.535368800 0.017602745 0.884294450 -0.088663176 0.458096564
1750970649560426496.000000 -1.479430676 0.031452507 0.527964234 0.018201755 0.879260182 -0.087112635 0.467954785
1750970649593758464.000000 -1.471712589 0.031428590 0.520054817 0.019357340 0.874330878 -0.085184246 0.477403909
1750970649627089664.000000 -1.463617563 0.032276481 0.511776924 0.020495133 0.869582236 -0.083572283 0.486232907
1750970649693752320.000000 -1.446945071 0.031947076 0.492766500 0.023435107 0.860553205 -0.082011692 0.502168357
1750970649727084544.000000 -1.440535545 0.032161981 0.482286692 0.025761537 0.856486917 -0.081136703 0.509100616
1750970649760417536.000000 -1.431122065 0.031842545 0.471513391 0.028349137 0.852742255 -0.080672577 0.515285373
1750970649793750016.000000 -1.421111226 0.030370057 0.461582065 0.030885542 0.848960698 -0.080705389 0.521342933
1750970649827082240.000000 -1.411312103 0.029218867 0.451431632 0.034369554 0.845633388 -0.080249108 0.526576698
1750970649860414720.000000 -1.400393724 0.027929798 0.442312002 0.036263410 0.842482030 -0.079312980 0.531618655
1750970649927079424.000000 -1.362471104 0.028997123 0.439002752 -0.040299177 -0.838778615 0.078391090 -0.537290692
1750970649960411648.000000 -1.350868940 0.027600899 0.428477764 -0.042298280 -0.836068869 0.078324571 -0.541354835
1750970649993743616.000000 -1.339263082 0.025280491 0.419289470 -0.044250313 -0.833501697 0.079497345 -0.544974327
1750970650027075840.000000 -1.328219891 0.024189472 0.410574079 -0.045792319 -0.831209660 0.081489243 -0.548044860
1750970650093738752.000000 -1.312945008 0.022845283 0.385036349 0.046818081 0.824274957 -0.083741024 0.558002055
1750970650127070720.000000 -1.299942493 0.020454422 0.379547834 0.046482868 0.820956826 -0.083736680 0.562901020
1750970650193734144.000000 -1.276776910 0.019173875 0.368652463 0.045100935 0.813613474 -0.084943503 0.573396564
1750970650227065600.000000 -1.265971780 0.017467275 0.364210486 0.043642040 0.809782624 -0.085402302 0.578838527
1750970650260397312.000000 -1.254956126 0.016109690 0.360520005 0.042203315 0.805784643 -0.085217759 0.584523797
1750970650293729024.000000 -1.243235588 0.016066834 0.354792476 0.041546613 0.801696539 -0.084660798 0.590245068
1750970650327060224.000000 -1.231604338 0.013642922 0.350641847 0.041256078 0.798028469 -0.084361136 0.595257759
1750970650360391936.000000 -1.219894648 0.012120724 0.346336722 0.040353216 0.794332027 -0.083467461 0.600367844
1750970650393723136.000000 -1.204121351 0.014773041 0.336390495 -0.039837822 -0.789773822 0.082984209 -0.606451988
1750970650427054336.000000 -1.191070437 0.011829853 0.335037708 0.039239082 0.785748959 -0.082712635 0.611733198
1750970650493716736.000000 -1.169061780 0.008398011 0.327391148 0.039334774 0.776200175 -0.081788115 0.623920441
1750970650527046912.000000 -1.156535864 0.008450210 0.323839068 0.040505212 0.771650612 -0.080640972 0.629612386
1750970650560377856.000000 -1.145248771 0.008209601 0.320264220 0.041123979 0.767141759 -0.079520769 0.635199904
1750970650593709056.000000 -1.132218957 0.007016659 0.316746235 0.041144188 0.763258278 -0.077727258 0.640080035
1750970650627040000.000000 -1.118372440 0.006286539 0.314458966 0.040680911 0.759819746 -0.075796850 0.644417524
1750970650660370688.000000 -1.103788972 0.005939141 0.313102603 0.040631857 0.756880403 -0.074550815 0.648014963
1750970650693702400.000000 -1.089469194 0.005468644 0.311706603 0.040854324 0.754158616 -0.073876455 0.651243448
1750970650727035392.000000 -1.075678945 0.006259739 0.310374618 0.041214008 0.751536548 -0.073542781 0.654282629
1750970650760368640.000000 -1.056630135 0.014546201 0.317856669 -0.042599812 -0.750092924 0.075398564 -0.655637860
1750970650827034624.000000 -1.027001739 0.008969247 0.320479155 -0.042457841 -0.745090544 0.076346472 -0.661217570
1750970650860367616.000000 -1.012983680 0.007272452 0.321455657 -0.043859698 -0.742360055 0.076932952 -0.664122999
1750970650893700352.000000 -0.998632252 0.005389996 0.323878586 -0.044852398 -0.739582479 0.078119837 -0.667010725
1750970650927033088.000000 -0.984959364 0.003796779 0.326529980 -0.044850975 -0.736964464 0.078612521 -0.669844687
1750970650960366080.000000 -0.972307146 0.002863131 0.325986743 0.044796787 0.733844280 -0.078763537 0.673247516
1750970650993697280.000000 -0.958763003 -0.000737868 0.327179313 0.045472767 0.731274664 -0.078345880 0.676041126
1750970651027030016.000000 -0.946724117 -0.004139125 0.328183711 0.045983218 0.728852272 -0.078126185 0.678642988
1750970651093695232.000000 -0.922946036 -0.007193722 0.333678782 0.047706962 0.723392427 -0.078542046 0.684294224
1750970651127027456.000000 -0.912708044 -0.009203702 0.335325360 0.048607621 0.719102919 -0.079402767 0.688638926
1750970651160359936.000000 -0.902412653 -0.010619812 0.338785887 0.049475163 0.714024127 -0.080651283 0.693698227
1750970651193692160.000000 -0.890889883 -0.012503892 0.340776920 -0.049693920 -0.708076715 0.081198335 -0.699689090
1750970651227024384.000000 -0.879471660 -0.014136001 0.342994690 -0.048815992 -0.702198386 0.080398440 -0.705741107
1750970651260356608.000000 -0.863232732 -0.008963622 0.350699365 0.048283558 0.697365701 -0.079567239 0.710646808
1750970651293688832.000000 -0.854501843 -0.006380782 0.358907431 0.046851985 0.692365289 -0.079522491 0.715619624
1750970651327020544.000000 -0.844475985 -0.008950651 0.360152215 0.045630231 0.686619937 -0.078057155 0.721372366
1750970651393684736.000000 -0.826371074 -0.013415989 0.361598819 0.043326333 0.672455311 -0.076430865 0.734904826
1750970651427015424.000000 -0.815130353 -0.016613752 0.361881971 0.042443540 0.664411664 -0.076188594 0.742260754
1750970651460347136.000000 -0.804833114 -0.019199211 0.363409281 0.041649085 0.656668663 -0.076097868 0.749173462
1750970651493679104.000000 -0.794510365 -0.020981535 0.365431786 0.040128771 0.648783863 -0.075111337 0.756192744
1750970651527010560.000000 -0.784246206 -0.024172012 0.367413580 0.038155347 0.640714347 -0.072877504 0.763359845
1750970651560342272.000000 -0.775095344 -0.014027700 0.380501568 0.037292842 0.633601367 -0.073062405 0.769298732
1750970651627005440.000000 -0.755532622 -0.013344530 0.392554760 0.033983044 0.616558313 -0.069356106 0.783511877
1750970651660336640.000000 -0.746870816 -0.014570806 0.397904932 0.032696281 0.607039213 -0.067118712 0.791157007
1750970651693668608.000000 -0.736231744 -0.014727194 0.402808338 0.031182379 0.596903443 -0.065354742 0.799038649
1750970651727001088.000000 -0.725463271 -0.014337562 0.407377124 0.029887987 0.586241663 -0.063749790 0.807070911
1750970651760333568.000000 -0.715234637 -0.013836594 0.412362427 0.029242896 0.575609088 -0.062090579 0.814839721
1750970651793665792.000000 -0.704044580 -0.013354595 0.417480588 0.028769568 0.565045714 -0.060470078 0.822337568
1750970651860329472.000000 -0.682419062 -0.016490001 0.428309649 0.028568679 0.543961942 -0.057428245 0.836654842
1750970651893661184.000000 -0.674323261 -0.015604305 0.435966671 0.029473593 0.533413947 -0.056940556 0.843420804
1750970651926993408.000000 -0.658065438 -0.016379768 0.435509920 0.032142155 0.521598279 -0.055569798 0.850772738
1750970651960325376.000000 -0.644396305 -0.023819761 0.436765909 0.032952815 0.509856105 -0.052733831 0.858009398
1750970652026989312.000000 -0.618964434 -0.026132274 0.452280611 0.034989160 0.488117158 -0.049790971 0.870653927
1750970652060321024.000000 -0.607090235 -0.025123607 0.461735129 0.036516558 0.477770686 -0.048441537 0.876387656
1750970652093652480.000000 -0.595447600 -0.025765572 0.471133441 0.038280785 0.467514843 -0.047787637 0.881862164
1750970652126984448.000000 -0.589009762 -0.021480374 0.481378019 0.039798986 0.457530111 -0.049576525 0.886918485
1750970652160315904.000000 -0.576067567 -0.024905914 0.490930170 0.039401036 0.447214335 -0.048643552 0.892233551
1750970652193647360.000000 -0.564122081 -0.026190020 0.500556469 0.038235702 0.437108994 -0.047615264 0.897333086
1750970652226978816.000000 -0.553011894 -0.027046492 0.509759247 0.037181880 0.426429808 -0.047083441 0.902528882
1750970652260310528.000000 -0.542844415 -0.028314751 0.519345522 0.035604469 0.415217936 -0.046827264 0.907818079
1750970652326971648.000000 -0.520409346 -0.034867167 0.537058234 0.032528844 0.390029371 -0.043657705 0.919191480
1750970652360302848.000000 -0.513637245 -0.034727719 0.545905590 0.032524128 0.376638621 -0.042945959 0.924792528
1750970652393634048.000000 -0.508707285 -0.034653932 0.555565238 0.032388389 0.363309979 -0.041876554 0.930163026
1750970652426964992.000000 -0.495060384 -0.036237083 0.565959811 0.030642707 0.348997325 -0.040807314 0.935733259
1750970652460295936.000000 -0.489707381 -0.034424588 0.574515879 0.029651005 0.335839689 -0.040287644 0.940589964
1750970652493627136.000000 -0.485541165 -0.034087379 0.584222496 0.028917788 0.323586106 -0.040112432 0.944905758
1750970652526957824.000000 -0.481663048 -0.031028412 0.594041407 0.028441846 0.311753690 -0.040338721 0.948880136
1750970652593619200.000000 -0.476022661 -0.029094096 0.613552392 0.028028987 0.288078994 -0.040664870 0.956332266
1750970652626949888.000000 -0.475228786 -0.028027425 0.623105645 0.028148748 0.276113182 -0.040594589 0.959854841
1750970652660280320.000000 -0.479914486 -0.026269533 0.633155167 0.027979864 0.265040636 -0.040488735 0.962980509
1750970652726945024.000000 -0.477646232 -0.024541896 0.653675199 0.027381791 0.242710918 -0.039965633 0.968888283
1750970652760276736.000000 -0.478096724 -0.023089906 0.664565325 0.027599951 0.232976004 -0.040078830 0.971264184
1750970652793609984.000000 -0.477418691 -0.022917368 0.674918771 0.027335688 0.224616021 -0.039474923 0.973263681
1750970652826942720.000000 -0.478669852 -0.023930959 0.684750080 0.026971573 0.217447996 -0.039347809 0.974905491
1750970652860275456.000000 -0.479160607 -0.023021631 0.695542634 0.026930137 0.211149186 -0.039528832 0.976282954
1750970652926940928.000000 -0.481576234 -0.021053944 0.717124760 0.028063172 0.200458243 -0.039675791 0.978496194
1750970652960273408.000000 -0.478274941 -0.021705531 0.729073048 0.028848452 0.195317745 -0.039877716 0.979504228
1750970652993605888.000000 -0.481194228 -0.020830831 0.740237713 0.030056192 0.191121861 -0.040497873 0.980269909
1750970653026938368.000000 -0.470722407 -0.017918849 0.748986721 0.031838376 0.185068041 -0.040141396 0.981389284
1750970653060271104.000000 -0.474455416 -0.016999971 0.760834336 0.033855051 0.181077018 -0.039595842 0.982088149
1750970653126935552.000000 -0.483595699 -0.016317122 0.783401549 0.037613921 0.171268344 -0.039426483 0.983716369
1750970653160267776.000000 -0.488427788 -0.016283687 0.795769751 0.040062863 0.166165024 -0.039152112 0.984505653
1750970653193599232.000000 -0.502499700 -0.017974986 0.806804657 0.042428177 0.161821514 -0.039533950 0.985114574
1750970653226931200.000000 -0.504811585 -0.015004138 0.817944229 0.045226455 0.156616420 -0.038616255 0.985867500
1750970653293595392.000000 -0.513062716 -0.014130211 0.840218365 0.050530102 0.146746621 -0.037262693 0.987179697
1750970653326926848.000000 -0.517977178 -0.012206582 0.852038860 0.052762803 0.141034856 -0.037055790 0.987902880
1750970653360259072.000000 -0.522309124 -0.010074685 0.862344027 0.054601278 0.134887099 -0.036330659 0.988688171
1750970653393591040.000000 -0.525549650 -0.008408766 0.872958541 0.056260336 0.128745690 -0.035107035 0.989457846
1750970653426922240.000000 -0.529742539 -0.005723807 0.882353187 0.058004800 0.122530624 -0.034236152 0.990176558
1750970653460254208.000000 -0.534349322 -0.003494270 0.893691897 0.058547769 0.116271093 -0.033637408 0.990919650
1750970653526917120.000000 -0.539918721 -0.001193291 0.914615273 0.056898568 0.101813570 -0.033761319 0.992601037
1750970653560248832.000000 -0.532284200 -0.009546729 0.926956773 0.054035377 0.092774063 -0.032825224 0.993677914
1750970653593580032.000000 -0.536879718 -0.006028190 0.936266661 0.052964795 0.085625499 -0.032952763 0.994372725
1750970653626911488.000000 -0.541276455 -0.004213442 0.946110547 0.052423943 0.078747660 -0.032812133 0.994974315
1750970653660241664.000000 -0.544876397 -0.003530024 0.955862641 0.052243456 0.071413323 -0.032644495 0.995542645
1750970653726906880.000000 -0.562421262 -0.006261588 0.972799301 0.052880544 0.056288119 -0.031693671 0.996509373
1750970653760240128.000000 -0.560456634 0.001065394 0.982181668 0.055831745 0.046694305 -0.031200994 0.996859610
1750970653793572864.000000 -0.561001122 0.002246006 0.991867602 0.057766244 0.037706614 -0.030324304 0.997156858
1750970653860239104.000000 -0.561454833 0.004501169 1.014852762 0.058725931 0.021207649 -0.027984956 0.997656465
1750970653893572096.000000 -0.562324166 0.006763921 1.027194858 0.058592319 0.012406263 -0.027326470 0.997830808
1750970653926904576.000000 -0.562744081 0.007584326 1.040543199 0.057280920 0.002807136 -0.025926495 0.998017490
1750970653993570304.000000 -0.563617706 0.010693408 1.068140268 0.053532507 -0.019096050 -0.022997176 0.998118639
1750970654026903040.000000 -0.564191639 0.010211416 1.083170772 0.051498163 -0.030917376 -0.021250945 0.997968256
1750970654060235520.000000 -0.559361935 0.010493780 1.099701405 0.049938228 -0.043606006 -0.019114440 0.997616827
1750970654126899456.000000 -0.559814095 0.008284438 1.127828121 0.051509034 -0.066341110 -0.013491546 0.996375263
1750970654160231936.000000 -0.558600247 0.002186694 1.142419457 0.052376688 -0.076651335 -0.009925758 0.995631874
1750970654226896640.000000 -0.555555940 -0.001237846 1.173465967 0.055765796 -0.096592650 -0.004459090 0.993750572
1750970654260228864.000000 -0.554951370 -0.000919977 1.188878298 0.056107562 -0.105755977 -0.002238554 0.992805421
1750970654326893056.000000 -0.554819524 -0.001820948 1.221181989 0.056285441 -0.122619860 0.000077727 0.990856409
1750970654360225280.000000 -0.556282580 -0.001754957 1.236028671 0.057060637 -0.129432380 0.000694828 0.989944935
1750970654426888960.000000 -0.558786750 -0.000352773 1.264146328 0.055328544 -0.142017096 0.002037638 0.988314629
1750970654460220928.000000 -0.556756139 0.005617891 1.279872060 0.054727171 -0.148744464 0.002461254 0.987357080
1750970654526883328.000000 -0.566521823 0.005063806 1.307028055 0.050909545 -0.160465837 0.002507662 0.985724509
1750970654593546752.000000 -0.574175596 0.004063475 1.329241991 0.049313214 -0.172200084 0.002867725 0.983822763
1750970654660209664.000000 -0.583360493 0.003697854 1.349611759 0.046960536 -0.185003385 0.003023496 0.981610596
1750970654693541888.000000 -0.587609947 0.002897344 1.360221624 0.046736240 -0.191832006 0.003148816 0.980309367
1750970654760207360.000000 -0.596336424 0.002175352 1.379184246 0.048212159 -0.205240726 0.003545334 0.977516949
1750970654826873088.000000 -0.605705082 0.003506650 1.397258162 0.050340198 -0.217567161 0.004943844 0.974733829
1750970654860205568.000000 -0.614051521 0.000569955 1.407964587 0.050022315 -0.223032966 0.005350927 0.973511934
1750970654926870528.000000 -0.630962551 0.001586876 1.427633762 0.049645428 -0.233525366 0.006767686 0.971058965
1750970654993534464.000000 -0.647098005 0.003947013 1.445761919 0.050230812 -0.242020458 0.008612520 0.968931794
1750970655026866944.000000 -0.655864120 0.004965869 1.454486251 0.049851291 -0.244578049 0.009228881 0.968303323
1750970655093531136.000000 -0.675259888 0.008577134 1.472370267 0.050200202 -0.247932985 0.008960452 0.967434227
1750970655160195584.000000 -0.697013378 0.012087058 1.488996387 0.054005746 -0.251995653 0.007464055 0.966191411
1750970655193527808.000000 -0.708866775 0.012996981 1.498096943 0.055578005 -0.254505187 0.006736363 0.965449572
1750970655260191488.000000 -0.736368895 0.015161417 1.514860749 0.058116287 -0.259173006 0.005389409 0.964065790
1750970655293523200.000000 -0.749469757 0.014605902 1.523617864 0.058696993 -0.262360543 0.004609664 0.963172078
1750970655360186624.000000 -0.774988174 0.011528507 1.540097952 0.058697812 -0.268861622 0.004787781 0.961376667
1750970655393518080.000000 -0.786521375 0.011079387 1.548935175 0.059100699 -0.272306830 0.005283827 0.960379243
1750970655460180224.000000 -0.808598101 0.011653477 1.563783407 0.060321853 -0.280475348 0.006396057 0.957942605
1750970655493511424.000000 -0.819439530 0.012753058 1.571056604 0.060676761 -0.285498619 0.007436433 0.956427515
1750970655560174336.000000 -0.840833426 0.014525587 1.584009886 0.060909323 -0.297434270 0.008455971 0.952759922
1750970655593505280.000000 -0.851061285 0.015488382 1.591188669 0.059626523 -0.303908736 0.008613653 0.950794399
1750970655626836736.000000 -0.865014672 0.013822371 1.597496748 0.056835201 -0.310091674 0.008310335 0.948969960
1750970655693499648.000000 -0.884096324 0.015829690 1.613559842 0.052556202 -0.323819429 0.008591999 0.944618940
1750970655726832640.000000 -0.893255353 0.017038736 1.620207191 0.051770821 -0.330449432 0.009007582 0.942359805
1750970655760165632.000000 -0.902026355 0.016272854 1.626729965 0.051113520 -0.337874442 0.008782383 0.939761281
1750970655826831616.000000 -0.921116710 0.015554441 1.638767600 0.050437003 -0.353452325 0.009463429 0.934044003
1750970655860163584.000000 -0.929850817 0.015675142 1.644819498 0.050865941 -0.361315399 0.009984446 0.931001782
1750970655926829056.000000 -0.948066771 0.014737412 1.659045100 0.048512995 -0.377214521 0.010144491 0.924798846
1750970655993494272.000000 -0.968482256 0.015774649 1.674365044 0.045118291 -0.393586189 0.009567399 0.918130100
1750970656026827008.000000 -0.975112677 0.019898709 1.678882360 0.043873578 -0.403465509 0.008970764 0.913898468
1750970656093491968.000000 -0.991356850 0.020414092 1.694561481 0.042050362 -0.425076365 0.009372867 0.904131651
1750970656160156672.000000 -1.009349108 0.023161422 1.708566785 0.041575946 -0.446368366 0.010937996 0.893815994
1750970656193489152.000000 -1.018272400 0.023719802 1.717681885 0.041059174 -0.457369357 0.012387692 0.888242066
1750970656260153344.000000 -1.038594961 0.024640962 1.735879421 0.038499709 -0.480411530 0.016671563 0.876039147
1750970656293485312.000000 -1.050092220 0.024224475 1.745968342 0.036422666 -0.492612094 0.018678261 0.869285822
1750970656360148480.000000 -1.073124886 0.025370896 1.765277863 0.032928765 -0.518177152 0.022736393 0.854336798
1750970656393480192.000000 -1.085031629 0.025232896 1.767815590 0.031517290 -0.530313432 0.024433579 0.846863329
1750970656426812160.000000 -1.099331021 0.025250740 1.776914120 0.030350013 -0.542628706 0.025911720 0.839024186
1750970656493475584.000000 -1.121947050 0.024924062 1.795250416 0.028060777 -0.565529644 0.029191390 0.823733449
1750970656526807296.000000 -1.134194016 0.024492726 1.803434849 0.026502175 -0.576276362 0.029609151 0.816288292
1750970656593470464.000000 -1.156574011 0.023363262 1.818922520 0.024986282 -0.598592639 0.030890042 0.800067723
1750970656626801664.000000 -1.167746663 0.022017568 1.825221062 0.024445064 -0.609574258 0.031803034 0.791713536
1750970656693465088.000000 -1.188248038 0.020699315 1.835432172 0.022605835 -0.631587207 0.032942984 0.774274826
1750970656726798080.000000 -1.197748899 0.023954891 1.837397814 0.022343170 -0.641838014 0.034823202 0.765723348
1750970656793463296.000000 -1.217744827 0.025054276 1.836945891 0.021063315 -0.662284136 0.035579089 0.748111129
1750970656826795776.000000 -1.226674557 0.020762742 1.843912244 0.020629276 -0.673782051 0.035314031 0.737797499
1750970656860128768.000000 -1.235114336 0.019080013 1.845786452 0.020335998 -0.685009480 0.035131291 0.727402449
1750970656926793984.000000 -1.253096342 0.019081578 1.847580433 0.018208548 -0.708067596 0.033801880 0.705100179
1750970656960126464.000000 -1.262112737 0.018474981 1.849242330 0.016690375 -0.718860924 0.033256240 0.694157362
1750970656993458944.000000 -1.271094084 0.017049775 1.850205779 0.015658187 -0.728844464 0.033030014 0.683702886
1750970657060123648.000000 -1.288159132 0.015828617 1.848010778 0.014551586 -0.746138871 0.033871435 0.664769053
1750970657093456128.000000 -1.298770905 0.021144472 1.842625380 0.015154274 -0.753564835 0.035173588 0.656257033
1750970657126788352.000000 -1.306007624 0.015523665 1.843750715 0.014147107 -0.761419296 0.035203338 0.647148490
1750970657193451520.000000 -1.324743748 0.021986015 1.827689290 0.013873166 -0.774074197 0.037035789 0.631858468
1750970657226783488.000000 -1.335130572 0.022263579 1.828351736 -0.012884983 0.779915452 -0.037828479 -0.624607861
1750970657260115456.000000 -1.344285727 0.025835954 1.822729230 -0.012734937 0.784198821 -0.038560566 -0.619179308
1750970657293447424.000000 -1.354654193 0.024813659 1.818528414 -0.011936886 0.787942469 -0.038609680 -0.614421308
1750970657360111104.000000 -1.374876499 0.026088379 1.807251334 -0.012235894 0.794049740 -0.040199690 -0.606398642
1750970657393442816.000000 -1.383623123 0.026669383 1.800569892 -0.013476709 0.796310723 -0.041264258 -0.603328168
1750970657426774528.000000 -1.393065214 0.026803821 1.792739391 -0.014893524 0.798273861 -0.042100057 -0.600636780
1750970657493437440.000000 -1.412527561 0.026358984 1.777359486 -0.017979829 0.802391708 -0.045036200 -0.594824433
1750970657526769152.000000 -1.421500683 0.025523737 1.768422842 -0.019912960 0.805146277 -0.046410684 -0.590922177
1750970657560100352.000000 -1.431499958 0.023840129 1.758837461 0.021888271 -0.808461845 0.047840975 0.586192548
1750970657593431808.000000 -1.441416144 0.028356120 1.749929786 -0.023113437 0.812074363 -0.049865026 -0.580960035
1750970657660093184.000000 -1.461704850 0.029774114 1.732810616 -0.021950681 0.819110990 -0.050222635 -0.571010530
1750970657693439232.000000 -1.470474124 0.030838817 1.724319577 -0.021187209 0.822193563 -0.050595384 -0.566559017
1750970657726814464.000000 -1.478821635 0.032006294 1.716460228 -0.020860247 0.824899137 -0.051323086 -0.562558651
1750970657793566208.000000 -1.495528340 0.031874761 1.700015068 -0.021746695 0.830843210 -0.053560130 -0.553496182
1750970657826942976.000000 -1.501280546 0.032508269 1.692243576 -0.022505285 0.834344149 -0.054833718 -0.548048019
1750970657860320000.000000 -1.507788420 0.034664929 1.684501886 -0.022379437 0.838155627 -0.054978013 -0.542191625
1750970657893697792.000000 -1.515267372 0.035590008 1.677009583 -0.022033414 0.842217445 -0.054359533 -0.535937965
1750970657960454400.000000 -1.530544519 0.033929273 1.662505388 0.019926218 -0.850400269 0.052739456 0.523107052
1750970657993833472.000000 -1.540238619 0.033812985 1.656625748 -0.019599188 0.854886651 -0.052460544 -0.515783548
1750970658027213056.000000 -1.546703815 0.034720533 1.651331425 -0.019078011 0.859363675 -0.052238245 -0.508332014
1750970658060593152.000000 -1.554059386 0.035520598 1.645102024 -0.018123021 0.864078403 -0.051833048 -0.500353396
1750970658093972736.000000 -1.561736941 0.036584675 1.638905644 -0.017118024 0.868938565 -0.052055534 -0.491877139
1750970658160735488.000000 -1.579106092 0.037819348 1.626546979 -0.012379340 0.878064752 -0.051134452 -0.475640953
1750970658194117632.000000 -1.588364124 0.037772790 1.619645476 -0.009938273 0.882413268 -0.049052704 -0.467805356
1750970658260882944.000000 -1.607611299 0.039033350 1.605815887 -0.004626703 0.891303480 -0.044604108 -0.451184303
1750970658294266368.000000 -1.616619587 0.039061908 1.594190836 0.002780806 -0.896066785 0.042087540 0.441910952
1750970658327650304.000000 -1.629184246 0.038395390 1.589665890 -0.000386694 0.901509583 -0.040764242 -0.430834740
1750970658394419968.000000 -1.649672270 0.040614519 1.574932694 0.003685188 0.911115527 -0.039282255 -0.410258234
1750970658427805440.000000 -1.661058903 0.040898278 1.567593694 0.005216547 0.915410936 -0.039011888 -0.400591731
1750970658461191424.000000 -1.672875404 0.042510599 1.559341311 0.007031193 0.919375539 -0.038815130 -0.391398281
1750970658527963904.000000 -1.697409630 0.044479549 1.543071508 0.009963405 0.927036166 -0.040417489 -0.372654170
1750970658561351424.000000 -1.709088564 0.044009812 1.533805490 0.011440355 0.930574715 -0.040530071 -0.363671750
1750970658628127488.000000 -1.733711958 0.044028841 1.514638305 0.013654385 0.936882377 -0.039392252 -0.347150117
1750970658661516544.000000 -1.742304564 0.045424275 1.502939820 -0.014439688 -0.939142942 0.038644556 0.341040671
1750970658694888448.000000 -1.753756046 0.044520147 1.497279048 0.014867268 0.941588223 -0.037663881 -0.334323168
1750970658728228864.000000 -1.766691923 0.044856682 1.487488866 0.014686511 0.943998158 -0.037509724 -0.327482760
1750970658794909440.000000 -1.788054943 0.044151779 1.468641996 0.012871927 0.949113905 -0.036777355 -0.312513322
1750970658828249344.000000 -1.797627449 0.044092938 1.459926963 0.012006773 0.952088356 -0.035967208 -0.303463250
1750970658894930176.000000 -1.815651178 0.045112915 1.442265987 0.011085253 0.958463311 -0.036461007 -0.282658517
1750970658928270592.000000 -1.823702335 0.046279110 1.434472084 0.011240369 0.961611092 -0.036922280 -0.271688491
1750970658994950144.000000 -1.840435982 0.047125578 1.417057395 0.012582108 0.967336297 -0.035194151 -0.250726193
1750970659028290304.000000 -1.848068476 0.043714263 1.405143499 0.013083219 0.969892383 -0.031738225 -0.241102278
1750970659094970880.000000 -1.861537457 0.045011412 1.385795593 0.014538413 0.974607885 -0.025725305 -0.221960500
1750970659128311040.000000 -1.868083715 0.045549050 1.375178099 0.015490414 0.976797163 -0.023568299 -0.212301403
1750970659194991616.000000 -1.879917383 0.046165764 1.356094599 0.017573100 0.980703950 -0.020259729 -0.193650469
1750970659228331776.000000 -1.885057211 0.046692789 1.347577333 0.018527949 0.982367277 -0.019929171 -0.184970602
1750970659295012352.000000 -1.892517090 0.047042556 1.329104781 0.021690529 0.985302269 -0.018216407 -0.168455094
