1750546140434587136.000000 0.004518882 -0.019046625 0.003422705 -0.676485717 0.067135639 0.000324046 0.733389318
1750546140701325056.000000 0.004266897 -0.015796946 0.009007944 -0.679409564 0.069884762 -0.002369756 0.730419934
1750546141001405440.000000 0.004985737 -0.014998101 0.012421658 -0.678050220 0.070565574 -0.001106968 0.731619596
1750546141268144896.000000 0.004728454 -0.009198437 0.013364730 -0.681001723 0.068431742 0.000966417 0.729076743
1750546141568225792.000000 0.007315040 -0.006527733 0.013610863 -0.682304025 0.065810561 0.004527299 0.728086293
1750546141868307712.000000 0.011380412 -0.003207830 0.013664138 -0.684130728 0.063333914 0.006913964 0.726571500
1750546142135046144.000000 0.016567176 0.001315394 0.013750414 -0.686077416 0.055191744 0.013823870 0.725300312
1750546142401782016.000000 0.026507728 0.007226720 0.014017462 -0.690904915 0.034153614 0.034059294 0.721334875
1750546142668518912.000000 0.037146024 0.016064828 0.014697893 -0.697146416 0.002821642 0.065421045 0.713932157
1750546142968597248.000000 0.040129878 0.022041310 0.015493883 -0.700415492 -0.041097041 0.109014243 0.704162776
1750546143235335168.000000 0.024196681 0.020068793 0.019338004 -0.695553601 -0.092666939 0.156508297 0.695070624
1750546143502074880.000000 -0.008987607 0.016400049 0.024176095 -0.685645401 -0.144544870 0.207606807 0.682566226
1750546143802156288.000000 -0.064126626 0.000274437 0.030771703 -0.668135464 -0.186420053 0.246249512 0.676907480
1750546144135579136.000000 -0.126746252 -0.007637336 0.032396354 -0.656767666 -0.229632556 0.285498410 0.659102321
1750546144435658752.000000 -0.168633088 0.006626934 0.041458577 -0.636506677 -0.274484903 0.334842205 0.638277411
1750546144869106944.000000 -0.256476521 0.074889064 0.042073291 -0.604983211 -0.347937286 0.409547299 0.587542295
1750546146669492480.000000 -0.754610419 0.045137364 0.053358838 0.491899341 0.484036088 -0.553634584 -0.466082573
1750546147803078656.000000 -1.122480750 -0.052868076 0.061062679 0.363250405 0.580745876 -0.646813571 -0.335284501
1750546150503705344.000000 -1.531870008 -0.803468406 0.052370161 0.009599507 0.698129952 -0.714948118 0.037035588
1750546150870451200.000000 -1.460212827 -0.888915777 0.051505715 -0.031780276 0.693730116 -0.715904474 0.072175831
1750546151203857664.000000 -1.387666702 -0.952204645 0.049590986 -0.057742935 0.686388254 -0.718589962 0.095736437
1750546151570605568.000000 -1.344164968 -1.042320490 0.046227306 -0.110743821 0.689729869 -0.699289739 0.151665688
1750546151870672128.000000 -1.319388151 -1.130221367 0.042912118 0.159651965 -0.679172337 0.683247328 -0.215428293
1750546152137399040.000000 -1.284175634 -1.211134911 0.045824096 -0.200749964 0.665021002 -0.670706630 0.259998620
1750546152437469952.000000 -1.236844420 -1.263703704 0.047346227 -0.263425559 0.641599417 -0.647815585 0.315106779
1750546152704198912.000000 -1.183337212 -1.277462959 0.047378097 -0.303427577 0.622603774 -0.627442956 0.355825245
1750546152970927360.000000 -1.109426975 -1.271955609 0.045769610 -0.321049064 0.607826412 -0.619515061 0.379045904
1750546153237656832.000000 -1.032260060 -1.261430383 0.044932570 -0.329824090 0.604011357 -0.610239089 0.392421633
1750546153504385280.000000 -0.975207269 -1.258571982 0.042971477 0.346742123 -0.595672965 0.595371485 -0.412887812
1750546153771114752.000000 -0.917498231 -1.265938163 0.041588835 0.373870134 -0.580946624 0.574341595 -0.439151347
1750546154037841664.000000 -0.850536585 -1.280379891 0.038315520 0.409092188 -0.554037929 0.546364188 -0.476625383
1750546154304560896.000000 -0.777369916 -1.303032875 0.039728075 -0.428126425 0.531174779 -0.523688972 0.510206938
1750546154571280384.000000 -0.701688051 -1.315225363 0.043786675 -0.464157850 0.500335634 -0.492151946 0.540377915
1750546154837998848.000000 -0.639821231 -1.308441043 0.046661954 -0.513087809 0.459854513 -0.443675995 0.573084891
1750546155104721664.000000 -0.594750881 -1.284839630 0.048027888 -0.542681813 0.423159152 -0.402182668 0.603888988
1750546155238085120.000000 -0.571037114 -1.264903426 0.046051346 -0.552588046 0.412054718 -0.387421131 0.612178206
1750546155438131456.000000 -0.537431240 -1.227593422 0.045945793 -0.555791736 0.401615590 -0.377810299 0.622141421
1750546155671518208.000000 -0.504141688 -1.175193906 0.044074051 -0.562665820 0.388143510 -0.364527255 0.632354200
1750546155904905984.000000 -0.473126352 -1.122464299 0.042029336 -0.581560194 0.377958983 -0.342635721 0.633668303
1750546156104948224.000000 -0.450443417 -1.090193748 0.041544899 -0.591862559 0.367701054 -0.327343643 0.638232589
1750546156605046272.000000 -0.370505422 -1.016058683 0.046729509 -0.623809278 0.302754641 -0.255836308 0.673609316
1750546157038464512.000000 -0.286025822 -0.937747002 0.051468085 -0.644623041 0.240190744 -0.192412227 0.699819326
1750546157271849984.000000 -0.245914042 -0.893868387 0.053114828 -0.661057174 0.192039147 -0.149154812 0.709843159
1750546157471893248.000000 -0.218363285 -0.859677911 0.053293154 -0.675520122 0.151249677 -0.103487082 0.714203477
1750546157671937536.000000 -0.202767596 -0.827288747 0.052841671 -0.682109535 0.121558838 -0.068693265 0.717796147
1750546157871980544.000000 -0.201853469 -0.785593331 0.053283416 -0.689711213 0.101677537 -0.046047170 0.715429842
1750546158172423936.000000 -0.222407922 -0.720226645 0.053736359 -0.686746955 0.077677056 -0.024868311 0.722306430
1750546158406381312.000000 -0.247436285 -0.672735095 0.053473637 -0.683652282 0.073258601 -0.016767917 0.725928128
1750546158673792000.000000 -0.265291333 -0.625196815 0.049030006 -0.684372127 0.057691630 -0.000304654 0.726846874
1750546158874370048.000000 -0.268830955 -0.582528770 0.048821136 -0.684809685 0.047371186 0.012960781 0.727065086
1750546159108102912.000000 -0.268392920 -0.514587462 0.043650623 -0.691194117 0.018597754 0.042728972 0.721165121
1750546159274773504.000000 -0.266191661 -0.466126800 0.044520352 -0.686141908 -0.007172879 0.074606106 0.723596513
1750546159608111104.000000 -0.268999994 -0.367708355 0.048966173 -0.682334483 -0.064697132 0.135097116 0.715529740
1750546159941443840.000000 -0.283318102 -0.294497997 0.051892899 -0.673045993 -0.126353636 0.192924961 0.702726007
1750546160208109312.000000 -0.310075909 -0.257561803 0.049622476 -0.661370635 -0.183864176 0.245185733 0.684592426
1750546160541437440.000000 -0.374368876 -0.224076256 0.045813788 -0.645119488 -0.245798543 0.305074871 0.655997932
1750546160841428224.000000 -0.454293847 -0.208195761 0.044851251 -0.630387843 -0.273896247 0.333288401 0.645376563
1750546161108211712.000000 -0.522801638 -0.200927153 0.045934442 -0.627666831 -0.287353992 0.347565591 0.634555101
1750546161475646208.000000 -0.588808954 -0.186966956 0.045238547 -0.618708849 -0.308030844 0.369281501 0.621246815
1750546161776307456.000000 -0.653642952 -0.149544924 0.041580323 -0.609729409 -0.333984077 0.397570252 0.598851085
1750546162043585792.000000 -0.722923100 -0.110330634 0.044997416 -0.589534104 -0.359567374 0.426481575 0.584186971
1750546162276904960.000000 -0.786894917 -0.071035519 0.049915902 -0.574541628 -0.378099769 0.450514555 0.569191754
1750546162610157824.000000 -0.862781823 -0.029218446 0.053143036 -0.540894628 -0.417455018 0.494044185 0.537666023
1750546163076693248.000000 -0.961431324 -0.024497379 0.051856093 -0.519038737 -0.444677889 0.522792339 0.509459198
1750546163476606464.000000 -1.059552908 -0.061171122 0.050777882 -0.502160132 -0.454875708 0.530730784 0.509164095
1750546163843177472.000000 -1.125434399 -0.086373270 0.050062258 0.489228278 0.467639893 -0.544179916 -0.495819479
1750546164209751040.000000 -1.191888809 -0.102774650 0.055508517 0.464417577 0.490192384 -0.565859139 -0.473107934
1750546164543010048.000000 -1.283467531 -0.117370181 0.056065973 0.410481274 0.537390351 -0.613655388 -0.407607406
1750546165109527808.000000 -1.435669899 -0.168473318 0.063396156 0.263993889 0.619489908 -0.691549778 -0.261339664
1750546165476109312.000000 -1.495591879 -0.225306481 0.060291328 0.195805833 0.650429785 -0.709781229 -0.186579257
1750546165875999488.000000 -1.505110860 -0.327729762 0.059781268 0.150184035 0.662202716 -0.721688747 -0.134527773
1750546166242576128.000000 -1.498433948 -0.424228281 0.059225470 0.135124102 0.656382024 -0.735051870 -0.102970965
1750546166675815936.000000 -1.504795909 -0.523000300 0.055740379 0.108785726 0.662841558 -0.738043904 -0.064015023
1750546167075713024.000000 -1.524176717 -0.632555544 0.051747233 0.048748616 0.677068174 -0.734297335 0.003133680
1750546167542277120.000000 -1.545372844 -0.782373488 0.054944180 -0.026967973 0.677652180 -0.729933023 0.085194409
1750546167942169856.000000 -1.540140748 -0.886427701 0.054329365 -0.112506643 0.677190959 -0.707548559 0.167719081
1750546168475396096.000000 -1.465141535 -0.973613322 0.046302840 -0.185164690 0.664171696 -0.684320390 0.237267196
1750546169041935104.000000 -1.316150069 -1.038076997 0.042375643 -0.224266067 0.645141780 -0.677627742 0.272612274
1750546169575162368.000000 -1.190842748 -1.119818091 0.039533757 -0.287569702 0.628883719 -0.641762853 0.331586242
