1750970625589082368.000000 -0.001002146 -0.028505389 0.023926314 -0.699719727 0.042989794 -0.007943968 0.713078618
1750970625855716096.000000 0.018874619 0.106531709 0.024897452 -0.705745041 0.021338968 0.005099587 0.708126128
1750970626155679744.000000 0.013151772 0.231728762 0.024182381 -0.707422614 0.003663308 0.012003513 0.706679404
1750970626422309376.000000 -0.015514071 0.353360415 0.014770145 -0.707865715 0.006867995 0.000263327 0.706313670
1750970626688933888.000000 -0.056312010 0.486779779 0.026039165 -0.703772962 0.013305437 -0.003817769 0.710290134
1750970626955565312.000000 -0.084885769 0.612012088 0.032267936 -0.710452497 0.017538792 -0.010140490 0.703453481
1750970627222189568.000000 -0.082980692 0.735092282 0.026930716 -0.717868507 0.004933677 0.010700909 0.696078956
1750970628088722176.000000 -0.067019753 1.119778156 0.053464200 -0.699149549 -0.090441026 0.117217325 0.699478686
1750970628455332352.000000 -0.196034059 1.243287802 0.058732837 -0.680534780 -0.132287905 0.107828684 0.712562501
1750970630355059712.000000 -0.852719247 1.810567498 0.077352144 -0.619925380 -0.282032400 0.287844837 0.673272312
1750970631354907904.000000 -1.235329747 2.018728495 0.094782688 -0.532621682 -0.432566971 0.455726922 0.567021012
1750970631754960640.000000 -1.372130990 2.042438745 0.101788372 0.431810319 0.536808789 -0.561058700 -0.458900213
1750970631988587520.000000 -1.423852801 2.002437115 0.099231564 0.373457640 0.576750457 -0.605676770 -0.401302904
1750970633589691392.000000 -1.732922316 1.570859551 0.100223474 0.064575948 0.679633081 -0.727006018 -0.073424064
1750970633823054848.000000 -1.761983514 1.507314086 0.101298712 0.022684086 0.681382000 -0.731428683 -0.014703914
1750970634089755648.000000 -1.755970955 1.421083570 0.092049837 0.003371330 0.679632902 -0.733515680 0.006519606
1750970634756505600.000000 -1.657813549 1.183182836 0.086799264 -0.019904613 0.671010435 -0.741172850 -0.003411342
1750970635156551424.000000 -1.651541710 1.019711971 0.076839462 -0.059596960 0.673720419 -0.734182239 0.059376035
1750970635556593920.000000 -1.629387140 0.825035572 0.084423624 -0.157031760 0.661335647 -0.716188610 0.158272177
1750970635856626176.000000 -1.577680349 0.720765710 0.083968997 -0.237834156 0.646445453 -0.686546385 0.232803077
1750970636123322368.000000 -1.505571365 0.644901633 0.073177211 -0.280353099 0.633913159 -0.667492270 0.272048563
1750970636390015488.000000 -1.413542509 0.588232875 0.076692387 -0.297774076 0.612027526 -0.669233024 0.298127860
1750970636623372288.000000 -1.338187218 0.545984030 0.076232009 -0.316354364 0.597306550 -0.661836982 0.324217111
1750970636856730880.000000 -1.276014090 0.500969589 0.077394634 -0.341989338 0.577136457 -0.646061122 0.364090413
1750970637123427072.000000 -1.195446610 0.434200048 0.070176512 -0.383469373 0.556474149 -0.614534259 0.406983435
1750970637323447808.000000 -1.127094150 0.375464112 0.071034007 -0.405892760 0.540450335 -0.592526317 0.438266098
1750970637523468288.000000 -1.053630233 0.327825606 0.075007640 -0.422630548 0.525440156 -0.581219912 0.455499262
1750970637723513856.000000 -0.984628022 0.297160208 0.077891618 -0.450838864 0.502928078 -0.557308018 0.482923836
1750970637956982528.000000 -0.904856980 0.286237776 0.078948401 -0.484482020 0.478475511 -0.523226678 0.512418032
1750970638157104128.000000 -0.832593977 0.299890369 0.075138435 -0.507575691 0.459969342 -0.499521255 0.530352294
1750970638323877632.000000 -0.773563981 0.327725798 0.076667786 -0.525429726 0.438569486 -0.480541945 0.548324645
1750970638490655488.000000 -0.723997414 0.361221373 0.080479622 -0.540868044 0.415110737 -0.460020572 0.568793476
1750970638657436416.000000 -0.681051791 0.390528530 0.081689641 -0.562180400 0.387239546 -0.424079061 0.595109820
1750970638857477120.000000 -0.634191990 0.424832612 0.086170532 -0.591912448 0.353739798 -0.375181913 0.619472682
1750970638957495808.000000 -0.612538218 0.444359899 0.089128546 -0.604712725 0.335072130 -0.352535516 0.630688548
1750970639057513472.000000 -0.588902831 0.465633750 0.089824297 -0.617042363 0.319002360 -0.331859320 0.638252079
1750970639157531648.000000 -0.565017581 0.487092495 0.087003186 -0.629123390 0.300962478 -0.309347183 0.646474838
1750970639257550336.000000 -0.539797068 0.508288503 0.084347568 -0.638413727 0.281590819 -0.287255883 0.656215429
1750970639324229120.000000 -0.521882713 0.522999048 0.083876729 -0.642614484 0.268676370 -0.272728264 0.663685918
1750970639424246528.000000 -0.493431985 0.545912862 0.085278422 -0.646586061 0.250541985 -0.251078486 0.675362706
1750970639524264704.000000 -0.463826180 0.570567787 0.086727612 -0.649565756 0.234442711 -0.231598407 0.685173810
1750970639657622528.000000 -0.428579032 0.606890917 0.088937037 -0.656688571 0.215739757 -0.211259738 0.691075861
1750970639824322816.000000 -0.398657829 0.651193023 0.088753469 -0.663318634 0.187762260 -0.189921916 0.699059010
1750970639957682176.000000 -0.382333338 0.687214732 0.089389987 -0.669722795 0.163495183 -0.170726582 0.703983843
1750970640091042560.000000 -0.368827373 0.724585116 0.088844955 -0.669593751 0.144827127 -0.151837647 0.712470829
1750970640291083008.000000 -0.351911664 0.796057105 0.078500278 -0.672230303 0.129071787 -0.128720537 0.717549920
1750970640457782528.000000 -0.353594065 0.861592829 0.071605280 -0.667713344 0.107397415 -0.116258733 0.727398574
1750970640591142912.000000 -0.357070595 0.917315483 0.070731468 -0.668246806 0.094090134 -0.105994940 0.730313957
1750970640791181312.000000 -0.362442255 0.991510212 0.070379838 -0.670937061 0.081374027 -0.090959869 0.731401503
1750970641291278592.000000 -0.372852147 1.163795471 0.065297455 -0.677138567 -0.004951491 -0.013806459 0.735709369
1750970644160648448.000000 -1.012306929 1.923527718 0.098080903 -0.537840128 -0.405248910 0.435664684 0.597241640
1750970646327238144.000000 -1.647171974 1.615878701 0.096867234 0.121191941 0.663171172 -0.721765459 -0.156752050
1750970646693885440.000000 -1.661549449 1.489837766 0.085940443 0.065857239 0.660101116 -0.739600241 -0.113670141
1750970647227192576.000000 -1.661788583 1.311425686 0.089815594 0.030570386 0.649532914 -0.755724430 -0.077802040
1750970648227143168.000000 -1.760329008 0.924038410 0.094224766 -0.104612865 0.648531973 -0.745226443 0.114455059
1750970648627122432.000000 -1.695145369 0.790765226 0.081544563 -0.168727383 0.644948423 -0.722531676 0.183086425
1750970648993780992.000000 -1.567234516 0.718484342 0.077499628 -0.220393613 0.613237381 -0.730776608 0.203303322
1750970649527095040.000000 -1.445626497 0.612389505 0.075482354 -0.304773867 0.588085651 -0.686377823 0.300255895
1750970650093738752.000000 -1.282157302 0.449798912 0.073593996 -0.354112118 0.552794039 -0.642920852 0.394558221
1750970650427054336.000000 -1.163831711 0.390998572 0.077622116 -0.397375077 0.528411746 -0.615331113 0.429233938
1750970650960366080.000000 -0.946122408 0.366147667 0.075441271 -0.436697304 0.496763200 -0.576923966 0.479250103
1750970651293688832.000000 -0.825931609 0.390364230 0.079321586 -0.465242505 0.468459517 -0.548866451 0.512679875
1750970651627005440.000000 -0.724563539 0.416698962 0.081882864 -0.522089779 0.424537748 -0.488559455 0.555427432
1750970652126984448.000000 -0.551846564 0.493203193 0.083166793 -0.590711236 0.329377562 -0.364251435 0.640227735
1750970652660280320.000000 -0.431941569 0.636661112 0.085066922 -0.653499663 0.201840118 -0.223178536 0.694543123
1750970653193599232.000000 -0.442268491 0.811615288 0.080885060 -0.659463525 0.129741609 -0.151070222 0.724881232
1750970653726906880.000000 -0.490510583 0.981675446 0.075032353 -0.660484552 0.060380820 -0.072175547 0.744919479
1750970654126899456.000000 -0.477395445 1.136388659 0.063025072 -0.661560476 -0.014321947 0.026670111 0.749280572
1750970654526883328.000000 -0.470941216 1.315504909 0.069640175 -0.654595256 -0.070698425 0.104050115 0.745439708
1750970654926870528.000000 -0.526230812 1.440311313 0.078407675 -0.645632148 -0.120435201 0.158379853 0.737272203
1750970655293523200.000000 -0.637968600 1.544770241 0.072995603 -0.633980930 -0.142917931 0.176691100 0.739204228
1750970655693499648.000000 -0.765626371 1.644112349 0.080067597 -0.625694871 -0.184705272 0.222946241 0.724351406
1750970656026827008.000000 -0.851762116 1.715844750 0.081688896 -0.611006916 -0.242485836 0.279563546 0.699796736
1750970656426812160.000000 -0.968666971 1.822596550 0.084254272 -0.568636537 -0.332977563 0.390195101 0.643060029
1750970656826795776.000000 -1.090452194 1.898420095 0.096273005 -0.505375564 -0.424195737 0.489892304 0.569788635
1750970657226783488.000000 -1.199694514 1.890687346 0.099952295 0.432431787 0.502922237 -0.567181110 -0.488239259
1750970657593431808.000000 -1.311551094 1.820206642 0.097862884 0.394334853 0.519389629 -0.598173320 -0.465750039
1750970657993833472.000000 -1.417019844 1.734339476 0.095779590 0.351464123 0.550875962 -0.630649567 -0.418676317
1750970658327650304.000000 -1.510699511 1.674018264 0.094524018 0.306596935 0.595805228 -0.656432986 -0.346569151
1750970658694888448.000000 -1.641785622 1.590920568 0.093081556 0.250394821 0.630581737 -0.683688462 -0.268773675
1750970659028290304.000000 -1.742370963 1.505765676 0.097045645 0.184373766 0.658932805 -0.699931800 -0.204717904
