1750546259962900480.000000 0.001099258 -0.021746133 0.018224049 -0.703781426 0.057133552 -0.002961174 0.708109319
1750546260229623552.000000 -0.046323258 0.046974093 0.019080065 -0.709247708 0.005131374 0.055406295 0.702759922
1750546260496346368.000000 -0.086175442 0.134106234 0.018677153 -0.716941476 -0.048085760 0.109745361 0.686759531
1750546260763070464.000000 -0.128515705 0.245313644 0.017524354 -0.711092770 -0.088369384 0.154915690 0.680102229
1750546261029792768.000000 -0.174864277 0.380879402 0.033989154 -0.703991473 -0.118059315 0.193147227 0.673165858
1750546261329858048.000000 -0.244057253 0.497270137 0.046594009 -0.697655201 -0.145538360 0.214690462 0.667835236
1750546261596583424.000000 -0.326707900 0.580658495 0.045605708 -0.683426797 -0.151628748 0.217453733 0.680184186
1750546261896648960.000000 -0.433319569 0.671735466 0.059031300 -0.664461255 -0.137758344 0.216063604 0.702018857
1750546262163374592.000000 -0.506605506 0.759269357 0.063445136 -0.671206594 -0.125910893 0.209006175 0.699960470
1750546262463440384.000000 -0.564856708 0.866344571 0.056029804 -0.671230972 -0.128751919 0.223993272 0.694765508
1750546262696825856.000000 -0.614499629 0.973991692 0.055288024 -0.662366569 -0.152340636 0.251456738 0.689080894
1750546262863528192.000000 -0.659250677 1.054067373 0.070001230 -0.652261317 -0.179180220 0.267719954 0.686130822
1750546262996891136.000000 -0.697599649 1.110496879 0.078796275 -0.639666975 -0.221949354 0.298425645 0.672686338
1750546263930420992.000000 -1.018420458 1.151247025 0.094343804 0.449753463 0.511431754 -0.570486963 -0.459024996
1750546264397227520.000000 -1.182748079 1.084646583 0.095082194 0.409335285 0.552742481 -0.611569762 -0.391027898
1750546266164459264.000000 -1.851217866 0.656587362 0.100312993 0.375127137 0.563829780 -0.648242652 -0.348076433
1750546267531432960.000000 -2.119810104 0.285766244 0.100426391 -0.067675188 0.662831604 -0.736160994 0.118917868
1750546267798156288.000000 -2.072554111 0.193776473 0.099985898 -0.090749905 0.653801680 -0.736151934 0.149627075
1750546268031540224.000000 -2.035055161 0.105026960 0.099797331 -0.102332912 0.656860530 -0.727613091 0.169237837
1750546268264925952.000000 -1.998822808 0.003241379 0.093322322 -0.111499690 0.658615291 -0.721132338 0.183744222
1750546268598343936.000000 -1.958031058 -0.160238698 0.099835455 -0.136539698 0.643058121 -0.722139359 0.215285733
1750546269131813632.000000 -1.855704188 -0.379523873 0.096895657 -0.160438061 0.657376170 -0.700174987 0.227752611
1750546269631931136.000000 -1.727443218 -0.541112900 0.097118765 -0.137487322 0.654192090 -0.713348448 0.210390016
1750546270132047616.000000 -1.641147137 -0.714984357 0.090091474 -0.129760578 0.662567735 -0.703705788 0.221279025
1750546270432118016.000000 -1.586086392 -0.836130559 0.096452191 -0.181065470 0.637800038 -0.697078943 0.272960544
1750546270698848256.000000 -1.521955132 -0.936724961 0.103618629 -0.274943322 0.609915435 -0.657913804 0.345772773
1750546270998918656.000000 -1.445834875 -0.998280346 0.106247917 -0.391565114 0.553420067 -0.570384502 0.463750452
1750546271265647872.000000 -1.362648726 -0.983314574 0.099963285 -0.467516422 0.489208847 -0.502158046 0.538461089
1750546271365671680.000000 -1.330029011 -0.966081738 0.099078789 -0.487231761 0.465332627 -0.482038677 0.560097694
1750546271465695488.000000 -1.295689225 -0.948958397 0.101023175 -0.499042898 0.447388560 -0.465048343 0.578385532
1750546271599059200.000000 -1.247610211 -0.926973403 0.099605352 -0.512102008 0.437935293 -0.442306608 0.591886044
1750546271699082752.000000 -1.215202212 -0.911525965 0.096321255 -0.519963503 0.432722837 -0.427816153 0.599468291
1750546271899130112.000000 -1.151732445 -0.884228170 0.096084043 -0.534318447 0.418611437 -0.401651680 0.614771783
1750546272099176448.000000 -1.076787949 -0.858577490 0.091580138 -0.543004453 0.406056792 -0.382292300 0.627787173
1750546272299226112.000000 -0.984895289 -0.829259515 0.084431507 -0.553088009 0.394592136 -0.366713285 0.635540843
1750546272499276288.000000 -0.885373235 -0.801857829 0.091603234 -0.557513475 0.381957352 -0.353789300 0.646622419
1750546272766011392.000000 -0.779540300 -0.756288588 0.095402569 -0.571863592 0.367022127 -0.338279456 0.651025236
1750546273199455232.000000 -0.639758408 -0.650332808 0.086345166 -0.574347138 0.366651624 -0.337627053 0.649384320
1750546273432844288.000000 -0.571817994 -0.567742705 0.084146552 -0.565575302 0.379674554 -0.359370798 0.637827873
1750546273699575552.000000 -0.503902197 -0.500295579 0.089245476 -0.558903873 0.396183848 -0.370242774 0.627363563
1750546273899623680.000000 -0.446864545 -0.465639472 0.088031583 -0.565732300 0.395156711 -0.359735668 0.628003538
1750546274166355200.000000 -0.355762810 -0.433279246 0.086447679 -0.567077041 0.385963857 -0.342373013 0.642056227
1750546274399742976.000000 -0.261722535 -0.395608515 0.091759607 -0.576744080 0.358515203 -0.315882057 0.662609756
1750546274633131776.000000 -0.177902564 -0.341867626 0.098396048 -0.617840648 0.287969172 -0.255276501 0.685697198
1750546274833178112.000000 -0.125615880 -0.292943448 0.099540517 -0.654030323 0.218544647 -0.183058381 0.700694144
1750546275066566400.000000 -0.105167188 -0.225421324 0.101981670 -0.678164423 0.131759122 -0.093235351 0.716965675
1750546275199930112.000000 -0.110108510 -0.178691596 0.099234775 -0.685844541 0.073279902 -0.035001256 0.723202825
1750546275333296640.000000 -0.122058913 -0.126677036 0.096012995 -0.688968122 0.030076286 0.010267589 0.724094570
1750546275433321472.000000 -0.136142910 -0.090698369 0.095558725 -0.685041666 0.001007985 0.038337760 0.727493823
1750546275633370368.000000 -0.164096117 -0.019719843 0.097518630 -0.678341091 -0.036278453 0.087088034 0.728665233
1750546276133494528.000000 -0.235222206 0.174969122 0.083640859 -0.670372903 -0.110325940 0.180491224 0.711232245
1750546276566922496.000000 -0.285348952 0.387628317 0.087266043 -0.655214489 -0.146837711 0.243525848 0.699877083
1750546276833646336.000000 -0.334343672 0.490254760 0.089588389 -0.651452184 -0.167329282 0.265042156 0.690915048
1750546277067028480.000000 -0.398538202 0.573171318 0.081262559 -0.652687192 -0.172506690 0.263084412 0.689222395
1750546277367099648.000000 -0.506110668 0.668601155 0.085920051 -0.647664070 -0.163359687 0.235230178 0.706053615
1750546277833881856.000000 -0.616998374 0.831076562 0.086807281 -0.661033452 -0.131280020 0.206764773 0.709259272
1750546278100615936.000000 -0.657223284 0.952660084 0.080851175 -0.659744442 -0.139207259 0.241442412 0.697899818
1750546278334006272.000000 -0.709900439 1.053914189 0.090940639 -0.635502040 -0.198300749 0.303143054 0.681849182
1750546278600738560.000000 -0.795575917 1.131849766 0.096118100 -0.589284182 -0.330271006 0.403599411 0.617067814
1750546278867470336.000000 -0.881892204 1.156518459 0.098743461 -0.512747586 -0.434485048 0.509154379 0.537656605
1750546279167543296.000000 -0.998984754 1.133408904 0.094934456 0.432952583 0.510134876 -0.584163010 -0.459421337
1750546279400933120.000000 -1.095993876 1.098199964 0.098104991 0.405334681 0.535193682 -0.613736689 -0.415450335
1750546279801028352.000000 -1.242401242 1.034792662 0.096315883 0.366954595 0.560202003 -0.645421267 -0.367354721
1750546280201123840.000000 -1.441694856 0.972533643 0.096712448 0.351048172 0.568765879 -0.663984120 -0.335254669
1750546280601223680.000000 -1.600379348 0.884597719 0.104468629 0.325960129 0.585789859 -0.671741545 -0.315220058
1750546281001324032.000000 -1.739347100 0.768328369 0.092957027 0.329817176 0.580370367 -0.669718623 -0.325373620
1750546281368080128.000000 -1.866825938 0.661025822 0.098975264 0.361786187 0.570971727 -0.651205957 -0.345011443
1750546281734831104.000000 -2.010149240 0.576885223 0.092959180 0.350346506 0.597644925 -0.650778294 -0.310749829
1750546282134922752.000000 -2.154819489 0.485536873 0.103129014 0.227472290 0.651413262 -0.698828042 -0.188564569
1750546282501667840.000000 -2.199272871 0.370744258 0.104725793 0.041682675 0.699536145 -0.713380158 0.000797329
1750546283035112448.000000 -2.107790947 0.187252402 0.085951664 -0.109532312 0.680890262 -0.712470353 0.129527032
1750546283535221504.000000 -2.030550718 -0.000758991 0.089106791 0.120878182 -0.693301320 0.690523803 -0.167028785
1750546284035332352.000000 -1.950510621 -0.237213567 0.089812674 0.151215240 -0.687737107 0.677195251 -0.213443846
1750546284535453440.000000 -1.860775709 -0.407039762 0.094521187 0.165138900 -0.693340182 0.665361345 -0.222042605
1750546285035581440.000000 -1.735733628 -0.550201774 0.089543223 0.151091933 -0.691159785 0.675776064 -0.206872448
1750546285569043200.000000 -1.647259474 -0.726447463 0.078888923 0.162312612 -0.706197739 0.655862629 -0.211621389
1750546286035819264.000000 -1.580711365 -0.887616992 0.091166377 0.306769878 -0.649504483 0.599140942 -0.353647172
1750546286535940608.000000 -1.435120702 -0.905694783 0.095465943 -0.480095416 0.540566802 -0.470242560 0.506130159
