1750546259962900480.000000 -0.000000000 0.000000003 0.000000006 0.000000044 -0.000000003 -0.000000002 1.000000000
1750546259996240896.000000 -0.008233508 0.000680210 0.006877028 -0.000038040 -0.008271387 0.000517372 0.999965727
1750546260029581568.000000 -0.013827478 0.000021898 0.014667738 -0.001122225 -0.017324412 0.001179260 0.999848664
1750546260096261376.000000 -0.028772330 -0.000027657 0.028258428 -0.003524508 -0.036229383 0.002471675 0.999334335
1750546260129602048.000000 -0.034902319 0.001076928 0.036072880 -0.003342206 -0.046766896 0.002466709 0.998897254
1750546260196282880.000000 -0.045903482 0.002355541 0.055380408 -0.007173264 -0.067908861 0.003807899 0.997658551
1750546260229623552.000000 -0.052992389 0.003404940 0.064438418 -0.010816256 -0.077611722 0.004404236 0.996915281
1750546260262963968.000000 -0.059707150 0.002374219 0.073612869 -0.015074631 -0.087075740 0.004815503 0.996075988
1750546260329644800.000000 -0.069396757 0.004516788 0.095635772 -0.021337442 -0.106289893 0.004922802 0.994094074
1750546260362985728.000000 -0.074649572 0.004940328 0.106596731 -0.023524027 -0.116038084 0.004530346 0.992955863
1750546260396326144.000000 -0.082656011 0.006991253 0.115396090 -0.024964532 -0.125244603 0.004175330 0.991803050
1750546260463006976.000000 -0.093877964 0.009458274 0.138578355 -0.028225293 -0.144681558 0.004075618 0.989067256
1750546260496346368.000000 -0.099925257 0.007660467 0.147862419 -0.030472061 -0.152646720 0.004942057 0.987798572
1750546260529687040.000000 -0.088913143 0.008008826 0.170487747 -0.032094792 -0.163726062 0.005179873 0.985970020
1750546260596367872.000000 -0.100111552 0.010419571 0.194021747 -0.033474177 -0.178540781 0.005801938 0.983345926
1750546260629708544.000000 -0.101100825 0.014487887 0.209956139 -0.033510882 -0.187182382 0.006261325 0.981733501
1750546260663048704.000000 -0.107798576 0.014306716 0.223243669 -0.033824325 -0.194363654 0.006425923 0.980325162
1750546260729729536.000000 -0.121412277 0.018662767 0.251479685 -0.033674933 -0.210200220 0.007882028 0.977046490
1750546260763070464.000000 -0.151309446 0.013078844 0.255060434 -0.033477355 -0.212564275 0.008891147 0.976532996
1750546260829751296.000000 -0.166173980 0.008054408 0.281647086 -0.032723922 -0.225739092 0.010916124 0.973576844
1750546260863091456.000000 -0.162344277 0.018460872 0.311912417 -0.030169616 -0.233933508 0.014030860 0.971683085
1750546260929771520.000000 -0.177991569 0.015322125 0.343660116 -0.030851774 -0.244625568 0.015799863 0.968997896
1750546260963111936.000000 -0.184420049 0.013029603 0.360500187 -0.031438734 -0.250751078 0.015809016 0.967411816
1750546261029792768.000000 -0.210088864 0.001465347 0.386237681 -0.035426907 -0.260077327 0.015453226 0.964814007
1750546261063132928.000000 -0.218575552 -0.000330561 0.398404986 -0.034903336 -0.265643716 0.015853666 0.963308871
1750546261129814016.000000 -0.225660995 0.010428883 0.434473187 -0.034660775 -0.279821813 0.014005304 0.959323883
1750546261163154432.000000 -0.235972181 0.009627562 0.445645392 -0.036986690 -0.284123600 0.012776179 0.957988858
1750546261229836032.000000 -0.251709878 0.010400765 0.472599566 -0.038050104 -0.292263597 0.011223117 0.955514669
1750546261263176448.000000 -0.258300424 0.011673078 0.484573781 -0.037294142 -0.294547558 0.011744675 0.954836667
1750546261329858048.000000 -0.289644480 -0.004737892 0.496354908 -0.035841152 -0.294373900 0.011715188 0.954946220
1750546261363198976.000000 -0.299152702 -0.003047305 0.503991306 -0.033309065 -0.295643836 0.011805189 0.954644382
1750546261429879552.000000 -0.306520164 0.018356256 0.538908541 -0.026263973 -0.302235723 0.012982968 0.952782929
1750546261463220224.000000 -0.316894531 0.021157926 0.550612152 -0.024571965 -0.304397345 0.012466979 0.952146590
1750546261529901568.000000 -0.339035660 0.023063969 0.572162926 -0.020748653 -0.305863857 0.011519830 0.951779425
1750546261596583424.000000 -0.378733993 0.003328578 0.572405636 -0.017214760 -0.301294744 0.010235082 0.953320742
1750546261629924096.000000 -0.390993297 0.004680776 0.579984307 -0.012849204 -0.300613075 0.010367870 0.953603268
1750546261696605440.000000 -0.407732606 0.018722104 0.606820881 -0.002512204 -0.301883280 0.012164983 0.953263998
1750546261729946368.000000 -0.418516070 0.020222690 0.618222117 0.001515236 -0.301858991 0.012973631 0.953263104
1750546261796627712.000000 -0.445428014 0.019550683 0.632794976 0.007600992 -0.299535364 0.014470760 0.953945160
1750546261829967616.000000 -0.458960176 0.016258597 0.642844260 0.009637238 -0.298011363 0.016428793 0.954372287
1750546261896648960.000000 -0.493384302 -0.001077867 0.654119551 0.011620062 -0.291685939 0.020160627 0.956231117
1750546261963330304.000000 -0.516149044 -0.001189849 0.673162699 0.011096685 -0.285655618 0.022291945 0.958008766
1750546262030011648.000000 -0.529270947 0.007697536 0.698889256 0.010969688 -0.281861454 0.023652302 0.959100842
1750546262063352576.000000 -0.538492680 0.009096699 0.709161997 0.010366417 -0.280238062 0.023622241 0.959583879
1750546262130033920.000000 -0.556795180 0.013235834 0.728875577 0.009391980 -0.279403985 0.022947155 0.959853470
1750546262163374592.000000 -0.573935747 0.000927477 0.735113144 0.005763168 -0.278232157 0.023109773 0.960218549
1750546262230055936.000000 -0.589899242 0.001580994 0.756893277 0.003629333 -0.278819352 0.024886662 0.960014224
1750546262296736768.000000 -0.598390281 0.015108306 0.781961560 0.004324924 -0.280536801 0.027625646 0.959435880
1750546262330077440.000000 -0.603989542 0.018681915 0.793577790 0.003652998 -0.281698138 0.029128147 0.959053993
1750546262396759040.000000 -0.620167732 0.015417377 0.816335201 0.002778240 -0.284965158 0.030842278 0.958037615
1750546262463440384.000000 -0.640296519 0.013763921 0.836822212 0.001241933 -0.290494800 0.031706046 0.956350386
1750546262496781312.000000 -0.645705163 0.018147483 0.852051973 0.001781217 -0.295390636 0.032724023 0.954814315
1750546262563462656.000000 -0.663143337 0.020204669 0.876812100 0.003108831 -0.304844975 0.034058981 0.951787770
1750546262596803328.000000 -0.670460880 0.016484853 0.892031670 0.002313132 -0.310242444 0.035088412 0.950006902
1750546262663484928.000000 -0.688865840 0.016509173 0.924029827 0.002626832 -0.321214586 0.035973083 0.946319401
1750546262696825856.000000 -0.698665798 0.019295676 0.939852834 0.002018903 -0.326175421 0.035041455 0.944657445
1750546262763506176.000000 -0.719709337 0.016600758 0.971475780 0.000357282 -0.335295647 0.032120258 0.941565216
1750546262796846848.000000 -0.729940474 0.016114403 0.986441910 0.001303427 -0.340689600 0.030438276 0.939682066
1750546262863528192.000000 -0.751028299 0.008787040 1.015872002 0.006248618 -0.356428087 0.028237009 0.933875144
1750546262896868864.000000 -0.760635197 0.007422501 1.028999209 0.007789489 -0.366829336 0.026639273 0.929874182
1750546262963550208.000000 -0.781995714 0.006497890 1.054837704 0.006662315 -0.392398119 0.022193946 0.919503570
1750546262996891136.000000 -0.794576049 0.003469611 1.068859220 0.004077180 -0.407517970 0.020559620 0.912956715
1750546263063572480.000000 -0.817332983 0.000262180 1.090490341 0.001639753 -0.440598220 0.018724954 0.897507608
1750546263130253824.000000 -0.841080248 -0.000002721 1.112068653 -0.005624819 -0.473388374 0.014901511 0.880709827
1750546263163593472.000000 -0.853119850 0.001025397 1.121888876 -0.009367323 -0.490909249 0.012845045 0.871065736
1750546263230274560.000000 -0.878520548 -0.006090256 1.133496761 -0.018828357 -0.527722716 0.009422978 0.849155784
1750546263263614720.000000 -0.890789986 -0.004869300 1.139304757 -0.021571813 -0.546979010 0.008087179 0.836829305
1750546263330295552.000000 -0.914177001 -0.003423676 1.145296812 -0.026208024 -0.585120797 0.006024929 0.810500145
1750546263363635968.000000 -0.925747812 -0.002058879 1.147134900 -0.028416334 -0.604596257 0.005550066 0.796005785
1750546263396976384.000000 -0.938222826 0.004733799 1.152449489 -0.030241460 -0.623641312 0.006113854 0.781101525
1750546263430316800.000000 -0.949695826 0.005025450 1.151959300 -0.032780603 -0.640869379 0.006387142 0.766923130
1750546263463657216.000000 -0.960845947 0.005278368 1.150119066 -0.034309752 -0.656641006 0.006894027 0.753390968
1750546263530338048.000000 -0.983387709 0.006915942 1.144832730 -0.034968469 -0.684139609 0.008252493 0.728465676
1750546263563678464.000000 -0.993130803 -0.002596684 1.142621756 -0.036207240 -0.696855545 0.007864472 0.716253936
1750546263597017856.000000 -1.003863692 -0.000719134 1.138121247 -0.035053745 -0.708633602 0.009078051 0.704647005
1750546263663698432.000000 -1.025489688 0.002264753 1.125373960 -0.031472571 -0.730540216 0.010309553 0.682066143
1750546263697038848.000000 -1.036417246 0.004624438 1.118498087 -0.029547105 -0.740739524 0.011049502 0.671051383
1750546263730379008.000000 -1.048126459 0.005235827 1.113399625 0.027680919 0.750566244 -0.012217368 -0.660102189
1750546263797059840.000000 -1.071577311 0.008068055 1.099241138 0.026715908 0.767997861 -0.012964686 -0.639763653
1750546263830400256.000000 -1.082986832 0.009160662 1.094252586 0.026339790 0.775393426 -0.013889981 -0.630775988
1750546263897080832.000000 -1.105034351 0.010604018 1.082645774 0.025941169 0.786585569 -0.018208561 -0.616667390
1750546263930420992.000000 -1.117936850 0.012804510 1.082209587 0.026500870 0.791205108 -0.019694205 -0.610658884
1750546263997101824.000000 -1.138114691 0.019602112 1.077914953 0.029362701 0.799727201 -0.022860326 -0.599209189
1750546264030442240.000000 -1.147840381 0.021730732 1.073939800 0.030451255 0.804496884 -0.023772437 -0.592699230
1750546264063781376.000000 -1.158036709 0.022234501 1.069022655 0.031518906 0.809596837 -0.025557004 -0.585582197
1750546264130461952.000000 -1.179702759 0.023535272 1.057679892 0.033938773 0.819236934 -0.028700661 -0.571730077
1750546264163802112.000000 -1.192759037 0.018602330 1.044278145 0.036796175 0.822434783 -0.027250845 -0.567013681
1750546264197146368.000000 -1.203649044 0.021928430 1.045693040 0.039867107 0.826041043 -0.025962805 -0.561598480
1750546264230493184.000000 -1.215982437 0.024007015 1.042267919 0.042794727 0.829228759 -0.024727348 -0.556719720
1750546264297186560.000000 -1.239976406 0.025751773 1.030580759 0.046254613 0.835937619 -0.022901742 -0.546392202
1750546264330533632.000000 -1.250823259 0.026279878 1.025295973 0.046886768 0.839714706 -0.022869041 -0.540516436
1750546264397227520.000000 -1.275610924 0.023970284 1.001871705 0.047960382 0.845366418 -0.021819456 -0.531581998
1750546264430574336.000000 -1.288319945 0.027526505 1.003245234 0.049200136 0.848161101 -0.022572229 -0.526965499
1750546264497267712.000000 -1.314432383 0.033671319 0.991856813 0.051648889 0.852891505 -0.026174612 -0.518867433
1750546264530615296.000000 -1.328053951 0.035518728 0.986349225 0.051615179 0.855404019 -0.029455118 -0.514540970
1750546264563962624.000000 -1.342990875 0.035874967 0.956288576 -0.051014323 -0.856994808 0.030213311 0.511902988
1750546264630657792.000000 -1.373264194 0.040373839 0.955531836 0.052594759 0.863585770 -0.036185499 -0.500144124
1750546264664005376.000000 -1.390443087 0.040138729 0.951742768 0.054907132 0.865863681 -0.038054179 -0.495799631
1750546264697353216.000000 -1.407519579 0.037797473 0.946287990 0.056037944 0.867467642 -0.038551897 -0.492821932
1750546264764048896.000000 -1.439519405 0.034509670 0.931499243 0.054533612 0.869168639 -0.040241972 -0.489849567
1750546264797396736.000000 -1.456002474 0.033473026 0.922489524 0.053917728 0.870437562 -0.038995408 -0.487760872
1750546264864092928.000000 -1.486439466 0.038228631 0.898580551 0.050816543 0.873757422 -0.038692959 -0.482149988
1750546264897441024.000000 -1.499590635 0.040197235 0.892940164 0.050147854 0.875625014 -0.038799055 -0.478811800
1750546264930788352.000000 -1.513272285 0.041949391 0.885274887 0.049771208 0.877179027 -0.039295405 -0.475957632
1750546264997484800.000000 -1.541475534 0.043913331 0.868496180 0.050177421 0.878840983 -0.038059756 -0.472940117
1750546265064182016.000000 -1.569337845 0.045572687 0.850306273 0.050537143 0.879657149 -0.032607753 -0.471790254
1750546265097530880.000000 -1.583155870 0.040072296 0.836910725 0.050678916 0.880013049 -0.028599076 -0.471371323
1750546265130879488.000000 -1.596247792 0.042211354 0.834180832 0.050686583 0.881022334 -0.026756629 -0.469589949
1750546265197571584.000000 -1.620159388 0.045205694 0.818729401 0.050595790 0.881653130 -0.026709061 -0.468417108
1750546265230912768.000000 -1.632503271 0.047229078 0.811311841 0.050441612 0.882003307 -0.027576210 -0.467723668
1750546265297594880.000000 -1.655539036 0.050507553 0.792176604 0.050875574 0.882894814 -0.029696124 -0.465861112
1750546265330935808.000000 -1.664341450 0.044692438 0.762930751 -0.050743248 -0.882315695 0.027451469 0.467108756
1750546265397616640.000000 -1.687441587 0.049229980 0.746175051 -0.050976954 -0.883082211 0.026130242 0.465708613
1750546265464298752.000000 -1.707721710 0.053948067 0.727205276 -0.049717136 -0.883266866 0.027938787 0.465389371
1750546265497639936.000000 -1.717030764 0.055465214 0.717562556 -0.047803868 -0.883379877 0.030736158 0.465199023
1750546265564322048.000000 -1.736532688 0.057684481 0.693864584 -0.044904452 -0.882659853 0.037054729 0.466392666
1750546265597662976.000000 -1.744549036 0.057023551 0.679833412 0.043797806 0.881855309 -0.038689382 -0.467884690
1750546265631003904.000000 -1.754496813 0.056886680 0.667542100 0.042813964 0.880910039 -0.040445372 -0.469604909
1750546265697686016.000000 -1.774599075 0.056519683 0.640443683 0.042254061 0.879156828 -0.040586945 -0.472917110
1750546265731027200.000000 -1.783419609 0.056515049 0.628163576 0.043048427 0.878433645 -0.040943217 -0.474157065
1750546265797709056.000000 -1.801592350 0.056470513 0.607026219 0.045023274 0.877509832 -0.042446230 -0.475550026
1750546265831048960.000000 -1.810739756 0.056909688 0.598025799 0.046268079 0.876994610 -0.042907815 -0.476338953
1750546265864390144.000000 -1.820575356 0.060483538 0.582868338 -0.047551874 -0.876351118 0.042311616 0.477448672
1750546265931072256.000000 -1.842030525 0.061657216 0.575272799 0.051850814 0.876031935 -0.039193936 -0.477852970
1750546265964413184.000000 -1.851618290 0.060792286 0.567193151 0.053450100 0.875620127 -0.037276689 -0.478584319
1750546266031095296.000000 -1.869026899 0.060935311 0.550666332 0.054710578 0.875483751 -0.036928643 -0.478718370
1750546266064436224.000000 -1.877564192 0.061850607 0.542664409 0.055091791 0.875744939 -0.038362172 -0.478083789
1750546266131118080.000000 -1.894837499 0.063462749 0.527222395 0.055921398 0.876202583 -0.040683627 -0.476955712
1750546266164459264.000000 -1.903886676 0.065700173 0.518507481 0.056028076 0.876471817 -0.041812122 -0.476350456
1750546266197800448.000000 -1.911087513 0.063799709 0.511674404 0.056035027 0.877480567 -0.042014405 -0.474471122
1750546266264481280.000000 -1.929595470 0.065354176 0.493526459 0.056172766 0.881747186 -0.041341882 -0.466537744
1750546266297822208.000000 -1.940548420 0.066672415 0.485865116 0.055867810 0.885159492 -0.040897794 -0.460107446
1750546266364504064.000000 -1.963915586 0.069090672 0.469513655 0.056424681 0.893099308 -0.040998287 -0.444419831
1750546266397845248.000000 -1.971506476 0.072056472 0.455288410 -0.056247622 -0.897352934 0.043139514 0.435583472
1750546266464527360.000000 -1.997072220 0.071390636 0.439975500 0.056572832 0.908010185 -0.045408044 -0.412619829
1750546266497868032.000000 -2.011626720 0.072013728 0.432688475 0.056829032 0.913985133 -0.045720357 -0.399138361
1750546266564550400.000000 -2.037384033 0.071834281 0.415840507 0.055816144 0.925905585 -0.047461908 -0.370581686
1750546266597891072.000000 -2.049198151 0.071622118 0.406390786 0.055131249 0.931789577 -0.048094951 -0.355549872
1750546266664573184.000000 -2.072564602 0.070550233 0.387042761 0.053873014 0.943396926 -0.049648449 -0.323473424
1750546266697914368.000000 -2.083671570 0.069912940 0.377494574 0.053170245 0.949100733 -0.050180994 -0.306370169
1750546266731254016.000000 -2.083017826 0.069320217 0.369508266 0.052181922 0.955026805 -0.050424043 -0.287503660
1750546266764595200.000000 -2.085307598 0.067414716 0.361837626 0.051496550 0.960798204 -0.049937975 -0.267808050
1750546266831277312.000000 -2.101411343 0.066712223 0.340458989 0.052361816 0.971795440 -0.048371289 -0.224793658
1750546266864617984.000000 -2.109495163 0.067016900 0.331220865 0.052672736 0.976834536 -0.048195790 -0.201735258
1750546266897959168.000000 -2.117493868 0.066669025 0.321448922 0.053343661 0.981472969 -0.048354737 -0.177558884
1750546266931300352.000000 -2.126594543 0.066991523 0.304878652 -0.054443888 -0.985650361 0.047640041 0.152511299
1750546266964641024.000000 -2.144224882 0.073778957 0.310441107 0.056101806 0.989409447 -0.048075978 -0.124941312
1750546266997982208.000000 -2.150483370 0.074213803 0.301855624 0.057751566 0.992297411 -0.047036931 -0.098985977
1750546267031323136.000000 -2.156065464 0.074010238 0.292314500 0.059443109 0.994476855 -0.045601018 -0.073505014
1750546267098004992.000000 -2.165074348 0.072742015 0.270833135 0.063154556 0.996611297 -0.046004254 -0.025711440
1750546267131346176.000000 -2.165714264 0.073600858 0.259473681 0.064655051 0.996849000 -0.045853470 -0.003037483
1750546267164686080.000000 -2.167756081 0.073837593 0.248491287 0.066653214 0.996518493 -0.046526864 0.018537076
1750546267198027008.000000 -2.169801474 0.074882239 0.238284826 0.067989476 0.995708227 -0.048481278 0.039901774
1750546267264708352.000000 -2.168100119 0.074727148 0.218754649 0.070799366 0.992961407 -0.050324850 0.080514066
1750546267298048768.000000 -2.166930199 0.075467139 0.208157778 0.072961263 0.991172731 -0.050593216 0.098456539
1750546267331389440.000000 -2.164358616 0.076099485 0.195882320 0.074984722 0.989327431 -0.050773624 0.114151634
1750546267364729856.000000 -2.161109686 0.077427506 0.183448315 0.076237157 0.987652719 -0.050500881 0.127199367
1750546267398070528.000000 -2.158273220 0.079331279 0.170568705 0.076827057 0.986164868 -0.049630634 0.138250962
1750546267431410944.000000 -2.153872967 0.080257416 0.158476949 0.076308131 0.984674692 -0.050563015 0.148446277
1750546267464751616.000000 -2.148847580 0.081356019 0.147888780 0.075733401 0.983215928 -0.052982729 0.157301515
1750546267498092288.000000 -2.135178566 0.080619186 0.129235268 -0.075704813 -0.982108176 0.054745182 -0.163509622
1750546267531432960.000000 -2.139353275 0.082587898 0.126180172 0.075867474 0.980458975 -0.058308281 0.171885222
1750546267564773376.000000 -2.135025024 0.078883052 0.119743109 0.075010411 0.979086578 -0.061164010 0.178946823
1750546267598113024.000000 -2.127597809 0.078459322 0.109857321 0.074034743 0.977900326 -0.062009864 0.185431093
1750546267631453440.000000 -2.119421482 0.077358931 0.099038363 0.074025378 0.976786971 -0.062709913 0.190984502
1750546267664794112.000000 -2.112097740 0.076787084 0.088503838 0.074636534 0.975757360 -0.063646130 0.195642903
1750546267698134784.000000 -2.104613304 0.076135248 0.077018619 0.075342685 0.974819601 -0.063892275 0.199919805
1750546267731475456.000000 -2.098257780 0.075051486 0.066311121 0.076790787 0.973959088 -0.064444728 0.203356341
1750546267764815872.000000 -2.068086863 0.068214923 0.038878679 -0.078756817 -0.973585069 0.064899556 -0.204249069
1750546267798156288.000000 -2.084589481 0.078563392 0.038543940 0.081166863 0.972235560 -0.065884434 0.209354281
1750546267831496704.000000 -2.080769539 0.076421678 0.033214927 0.082249731 0.971415579 -0.063893981 0.213317618
1750546267864837376.000000 -2.075376034 0.077003360 0.022724628 0.083160713 0.970538914 -0.062742807 0.217260227
1750546267898177792.000000 -2.050752640 0.067351639 0.001788616 -0.083576269 -0.970044255 0.061801311 -0.219567150
1750546267931518464.000000 -2.045476437 0.066942036 -0.009937167 -0.084049918 -0.969209194 0.062066633 -0.222973064
1750546267964858880.000000 -2.040503979 0.066616684 -0.022583961 -0.084735595 -0.968514502 0.061662719 -0.225825876
1750546267998199552.000000 -2.035319805 0.066573977 -0.035623550 -0.085266039 -0.968008578 0.059898555 -0.228257149
1750546268031540224.000000 -2.039813042 0.075061738 -0.046693444 0.086269602 0.967237473 -0.058288787 0.231542259
1750546268064879616.000000 -2.036399364 0.076149642 -0.059911370 0.087393843 0.966609836 -0.056524385 0.234164029
1750546268098219776.000000 -2.032551765 0.077195853 -0.072622418 0.087699585 0.965995491 -0.055291783 0.236863673
1750546268131560448.000000 -2.027902842 0.077259213 -0.087329030 0.088698745 0.965402603 -0.054449406 0.239093363
1750546268164901120.000000 -2.021782875 0.078282237 -0.101181984 0.089568801 0.964840710 -0.054522257 0.241013020
1750546268198242304.000000 -2.017134905 0.079004079 -0.115196824 0.089813128 0.964240968 -0.054160126 0.243392274
1750546268231584256.000000 -2.011507750 0.080645174 -0.129818678 0.089876220 0.963577032 -0.053409930 0.246148586
1750546268264925952.000000 -1.994709015 0.077802360 -0.145045519 0.089612380 0.963063002 -0.052945457 0.248346835
1750546268298267904.000000 -1.991707683 0.079187334 -0.161054134 0.089512646 0.962065637 -0.053146001 0.252175927
1750546268331609856.000000 -1.987599969 0.079453081 -0.177345991 0.089686789 0.960870683 -0.054181583 0.256414145
1750546268364951552.000000 -1.984116435 0.080380797 -0.192714095 0.090435445 0.959447682 -0.056670237 0.260902584
1750546268398293504.000000 -1.981137991 0.080352753 -0.208870649 0.091597565 0.958051980 -0.059693407 0.264920682
1750546268431635200.000000 -1.976726294 0.079240352 -0.224852800 0.092738003 0.956770658 -0.062335566 0.268521756
1750546268464977152.000000 -1.972875834 0.077303261 -0.241718292 0.093817078 0.955503225 -0.064266279 0.272179961
1750546268498318080.000000 -1.968139887 0.074053556 -0.259797812 0.094254546 0.954297960 -0.064916871 0.276075035
1750546268531659776.000000 -1.961633205 0.070926428 -0.278735280 0.094448246 0.953047872 -0.065494575 0.280160308
1750546268565001984.000000 -1.913623214 0.066696614 -0.311650515 -0.094694652 -0.952601492 0.066377513 -0.281384766
1750546268598343936.000000 -1.940850496 0.066668004 -0.304442763 0.094183229 0.950879276 -0.065944754 0.287418514
1750546268631685632.000000 -1.937201262 0.065854371 -0.321899891 0.093695059 0.949858189 -0.064329565 0.291294426
1750546268665027584.000000 -1.931613326 0.064564437 -0.339200377 0.092903800 0.949014127 -0.062466316 0.294684827
1750546268698369536.000000 -1.925260901 0.063576818 -0.355869770 0.092396572 0.948140681 -0.061094195 0.297925681
1750546268731711488.000000 -1.918050170 0.062042922 -0.371655583 0.091696814 0.947357059 -0.060215443 0.300799817
1750546268765053184.000000 -1.911076307 0.061006397 -0.386698008 0.090798818 0.946719885 -0.059081379 0.303292722
1750546268798395136.000000 -1.902411699 0.060016960 -0.402510285 0.090055116 0.946151137 -0.057624668 0.305561066
1750546268831737088.000000 -1.861030102 0.051031083 -0.433341980 -0.089105681 -0.946294904 0.055261035 -0.305830777
1750546268865079040.000000 -1.871254921 0.055349797 -0.427899003 -0.087618992 -0.945575655 0.052870553 -0.308892161
1750546268898420736.000000 -1.865675688 0.054734021 -0.441337228 -0.086155765 -0.945279360 0.049648311 -0.310739726
1750546268931761920.000000 -1.858967900 0.054443210 -0.454520464 -0.085086897 -0.945023894 0.047111131 -0.312202901
1750546268965103872.000000 -1.852016330 0.054114431 -0.468035460 -0.084471352 -0.944788933 0.045494571 -0.313318998
1750546268998445824.000000 -1.844561338 0.053828090 -0.481430888 -0.083999537 -0.944468677 0.044400673 -0.314565837
1750546269031787776.000000 -1.837130189 0.053886384 -0.494580388 -0.084349878 -0.944023013 0.044147834 -0.315842658
1750546269065129728.000000 -1.829464674 0.054387391 -0.507756114 -0.084996864 -0.943814933 0.044085778 -0.316299438
1750546269131813632.000000 -1.820413232 0.059745103 -0.514234066 0.084737219 0.944776833 -0.041643295 0.313818634
1750546269165155328.000000 -1.810672283 0.060663223 -0.525500536 0.084763050 0.945483863 -0.041270006 0.311724752
1750546269198497024.000000 -1.799539804 0.061711043 -0.536955833 0.084696464 0.946154416 -0.041635465 0.309652805
1750546269231838208.000000 -1.788443804 0.062573791 -0.547898769 0.084314235 0.946685731 -0.041920818 0.308090717
1750546269265179392.000000 -1.776600122 0.063817769 -0.558778286 0.083949015 0.947219014 -0.043199301 0.306370080
1750546269298520576.000000 -1.765461445 0.063839406 -0.568721056 0.083290495 0.947836518 -0.045319013 0.304327101
1750546269365202944.000000 -1.742225885 0.060637116 -0.588452280 0.083403379 0.948704243 -0.049940042 0.300849169
1750546269398542848.000000 -1.723809719 0.056025445 -0.601192892 -0.083235063 -0.949338019 0.051673468 -0.298595488
1750546269431884288.000000 -1.717843533 0.053014398 -0.610190332 -0.082905561 -0.949838102 0.052142411 -0.297010839
1750546269465225472.000000 -1.710725665 0.050777763 -0.620480478 -0.083589047 -0.950371921 0.052258316 -0.295085073
1750546269498566656.000000 -1.703945279 0.049872160 -0.630966127 -0.084367171 -0.950889587 0.052331727 -0.293176800
1750546269531907840.000000 -1.696480393 0.047915697 -0.640690029 -0.084985934 -0.951584041 0.051447891 -0.290892482
1750546269565248768.000000 -1.689335823 0.047668159 -0.650888026 -0.086151056 -0.952095866 0.051255554 -0.288902223
1750546269598590208.000000 -1.681727052 0.046842456 -0.660535216 -0.087506935 -0.952495933 0.051663958 -0.287097543
1750546269631931136.000000 -1.679336429 0.048232675 -0.664323211 0.089531474 0.952853441 -0.051952574 0.285228819
1750546269665272576.000000 -1.673480868 0.046964347 -0.675344169 0.091382205 0.953216016 -0.052014720 0.283413261
1750546269698613760.000000 -1.666230559 0.045597315 -0.685664535 0.092908502 0.953726232 -0.051722802 0.281245679
1750546269731954688.000000 -1.658889532 0.045839727 -0.696825624 0.094376028 0.954328656 -0.051533185 0.278737098
1750546269765295872.000000 -1.651772857 0.045608044 -0.707839131 0.095311619 0.954914272 -0.050854336 0.276529312
1750546269831977216.000000 -1.636942744 0.044479311 -0.729046106 0.097032063 0.955606341 -0.047797188 0.274074703
1750546269865318400.000000 -1.630218625 0.044866323 -0.740539312 0.097668149 0.955711305 -0.046666533 0.273677200
1750546269898659584.000000 -1.615844011 0.041073382 -0.748087525 -0.097820170 -0.956022143 0.045051944 -0.272806466
1750546269932000512.000000 -1.611944079 0.041250259 -0.760866165 -0.098461844 -0.956079006 0.044025324 -0.272543699
1750546269965341696.000000 -1.605939150 0.041755408 -0.772920966 -0.099481195 -0.956168354 0.043206353 -0.271990538
1750546269998682880.000000 -1.599813938 0.042834938 -0.785516262 -0.100239530 -0.956098378 0.041779902 -0.272180796
1750546270032024064.000000 -1.592816591 0.044369847 -0.797258973 -0.100483693 -0.955641329 0.039444923 -0.274038017
1750546270065365248.000000 -1.586506605 0.046346337 -0.809196830 -0.100615837 -0.954770684 0.037544530 -0.277272135
1750546270132047616.000000 -1.578354120 0.047032773 -0.830241084 0.102090620 0.951398671 -0.038756259 0.287951410
1750546270165388544.000000 -1.572424173 0.046851486 -0.842213511 0.103580303 0.949135721 -0.040704530 0.294543266
1750546270198729984.000000 -1.566611409 0.045964390 -0.854822576 0.105396576 0.946681440 -0.042681824 0.301436782
1750546270232071424.000000 -1.560357451 0.044970363 -0.867925167 0.106896177 0.944163561 -0.045021985 0.308385432
1750546270265411328.000000 -1.553025007 0.043720037 -0.880792856 0.107276864 0.941553473 -0.046491992 0.315922886
1750546270298752768.000000 -1.546356797 0.042540699 -0.894911289 0.107231334 0.938836575 -0.048561338 0.323618889
1750546270365435392.000000 -1.529387236 0.037075967 -0.922988057 0.105895109 0.933191478 -0.051707655 0.339508921
1750546270398776576.000000 -1.512880802 0.034619808 -0.935252905 -0.103849776 -0.930193961 0.052637726 -0.348114729
1750546270432118016.000000 -1.513891459 0.035359025 -0.946244597 0.101828389 0.926091909 -0.054272935 0.359220415
1750546270465459456.000000 -1.503030777 0.033427030 -0.952366531 0.099338368 0.921903789 -0.056507174 0.370178729
1750546270498800640.000000 -1.494299293 0.031388313 -0.964008451 0.096751980 0.917011499 -0.058012225 0.382575125
1750546270532141824.000000 -1.484865308 0.029103190 -0.976614296 0.094676420 0.911684394 -0.058211077 0.395575047
1750546270565482752.000000 -1.475214839 0.026721537 -0.990245283 0.092677549 0.905911922 -0.058058724 0.409101278
1750546270598824192.000000 -1.467361093 0.024702013 -1.002809763 0.090972237 0.899551570 -0.057848249 0.423302233
1750546270665506816.000000 -1.446909308 0.022627652 -1.026272655 0.086791351 0.884028614 -0.054347370 0.456077904
1750546270698848256.000000 -1.442218781 0.022383302 -1.040997028 0.084441409 0.874344885 -0.051312290 0.475139737
1750546270732188416.000000 -1.434122562 0.021233857 -1.050234675 0.081957452 0.863749027 -0.047955964 0.494894832
1750546270765529856.000000 -1.424401999 0.019967854 -1.059162140 0.079561539 0.852370918 -0.044494674 0.514931202
1750546270798871040.000000 -1.415231943 0.018550232 -1.067644954 0.078105241 0.840377986 -0.041992839 0.534697235
1750546270832212480.000000 -1.405397058 0.016951248 -1.075055838 0.077074528 0.828054786 -0.040477835 0.553846955
1750546270865553408.000000 -1.396754026 0.015541583 -1.081937432 0.076351523 0.815534115 -0.038907345 0.572329342
1750546270898894848.000000 -1.387086868 0.015293971 -1.087226748 0.076431990 0.802951694 -0.037426364 0.589937449
1750546270932236288.000000 -1.377458811 0.013710812 -1.091684341 0.077393144 0.790392101 -0.036227483 0.606612146
1750546270965577472.000000 -1.353553176 0.010012090 -1.090202093 -0.079337627 -0.778926790 0.035505090 -0.621062040
1750546270998918656.000000 -1.361589670 0.013382971 -1.095845222 0.080057375 0.765652597 -0.035406146 0.637270212
1750546271032259840.000000 -1.350842118 0.012094855 -1.096349120 0.080370650 0.752991259 -0.034878556 0.652171969
1750546271065601280.000000 -1.339505196 0.011161849 -1.095280766 0.079462714 0.739866376 -0.033624154 0.667197764
1750546271098942464.000000 -1.326377034 0.010601610 -1.093301177 0.078228921 0.726256073 -0.032319114 0.682193518
1750546271132283904.000000 -1.312851071 0.009768113 -1.090592742 -0.077084757 -0.713411808 0.031218376 -0.695792317
1750546271165624320.000000 -1.300102234 0.009008050 -1.085974574 -0.075793006 -0.701699615 0.030398121 -0.707777619
1750546271198965248.000000 -1.286421418 0.007803619 -1.079500556 -0.074967012 -0.690592051 0.031063743 -0.718677759
1750546271232306688.000000 -1.274231672 0.006096065 -1.073180318 -0.074960604 -0.679656208 0.033120148 -0.728938580
1750546271265647872.000000 -1.279732585 0.013448581 -1.073873758 0.075147599 0.667674303 -0.036403064 0.739755869
1750546271298989056.000000 -1.268984914 0.011144757 -1.066503286 0.075511515 0.656705558 -0.037939440 0.749397397
1750546271332330240.000000 -1.258052349 0.008172572 -1.057976842 0.075430296 0.645933628 -0.038846809 0.758663952
1750546271365671680.000000 -1.248717070 0.012005329 -1.053931475 0.075335570 0.635313094 -0.040022422 0.767528534
1750546271399012864.000000 -1.235041857 0.009473473 -1.045116425 0.077196188 0.626056135 -0.040727437 0.774877965
1750546271432354048.000000 -1.221007824 0.006471649 -1.036484957 0.078520693 0.617509365 -0.041326839 0.781542599
1750546271465695488.000000 -1.216200113 0.007609725 -1.033942580 0.078925148 0.609569430 -0.041240688 0.787715197
1750546271499036416.000000 -1.201529741 0.004974291 -1.026248813 0.079285182 0.602951944 -0.038985070 0.792870104
1750546271532377600.000000 -1.186740398 0.003266290 -1.018769622 0.078318164 0.597030401 -0.036186989 0.797566056
1750546271565718784.000000 -1.172601342 0.001243725 -1.011493087 0.077737607 0.591772616 -0.033631191 0.801642716
1750546271599059200.000000 -1.170187235 0.005564213 -1.007951260 0.077907920 0.586060226 -0.032496240 0.805858433
1750546271632400384.000000 -1.156815290 0.004214250 -1.001019478 0.078366689 0.582034945 -0.030250499 0.808813334
1750546271665741568.000000 -1.143932700 0.003153086 -0.994093537 0.077950798 0.577555716 -0.028038751 0.812137306
1750546271699082752.000000 -1.139046192 0.006513149 -0.989811838 0.076864995 0.571714640 -0.026330540 0.816419542
1750546271732423936.000000 -1.130310059 0.004427433 -0.980657041 0.075392038 0.566683233 -0.024180753 0.820122898
1750546271765765376.000000 -1.119255304 0.001917288 -0.973006785 0.074912339 0.561517298 -0.023292551 0.823737800
1750546271799106304.000000 -1.108516812 -0.000519708 -0.966034532 0.075005889 0.556801856 -0.022081753 0.826957226
1750546271832447744.000000 -1.098145962 -0.002655230 -0.960195899 0.074985497 0.552549958 -0.020532019 0.829845905
1750546271865788928.000000 -1.087958813 -0.006563537 -0.954368711 0.074892223 0.548161149 -0.018512243 0.832807183
1750546271899130112.000000 -1.078284025 0.002167083 -0.957213640 0.076017290 0.542391300 -0.018509364 0.836475015
1750546271932471552.000000 -1.068358183 0.001042493 -0.959320009 0.077056564 0.537128448 -0.016770497 0.839806020
1750546271965812480.000000 -1.057437420 -0.000486098 -0.954286456 0.078000732 0.532527387 -0.015936419 0.842660427
1750546271999153920.000000 -1.048146248 -0.001542818 -0.949125350 0.078649096 0.527960718 -0.015891030 0.845469892
1750546272032495104.000000 -1.036097050 -0.003785376 -0.944283843 0.079044446 0.524115086 -0.015026191 0.847838223
1750546272065835264.000000 -1.023219109 -0.005496014 -0.937903047 0.078805871 0.521007538 -0.013571465 0.849798024
1750546272099176448.000000 -1.005654812 0.001185179 -0.925292253 0.077957727 0.519107163 -0.014094315 0.851029813
1750546272132517888.000000 -0.999169827 0.000255305 -0.915766001 0.076115496 0.516859889 -0.012996715 0.852580488
1750546272165859072.000000 -0.984836578 -0.000612881 -0.906843841 0.073911734 0.514373779 -0.011566368 0.854296803
1750546272199200512.000000 -0.969966948 -0.001109086 -0.898043692 0.072435766 0.511811018 -0.010933395 0.855969071
1750546272232542464.000000 -0.954935491 -0.002335157 -0.890648365 0.072002426 0.508938074 -0.011005731 0.857715964
1750546272265884160.000000 -0.925461709 -0.006697293 -0.878965259 0.071480267 0.505284011 -0.010964792 0.859917760
1750546272299226112.000000 -0.916295648 0.001582962 -0.888282776 0.075418234 0.499551833 -0.011684445 0.862915814
1750546272332567808.000000 -0.902777553 -0.001281369 -0.880424976 0.077168070 0.496218443 -0.011872374 0.864679933
1750546272365909760.000000 -0.886970699 -0.004601434 -0.872586310 0.078616187 0.492954373 -0.012241141 0.866409600
1750546272399251712.000000 -0.871410906 -0.007218625 -0.864092827 0.079298414 0.490619093 -0.011384090 0.867683828
1750546272432593664.000000 -0.855365813 -0.009107303 -0.854386806 0.079622701 0.488534868 -0.010687606 0.868838131
1750546272465935360.000000 -0.840491295 -0.010661256 -0.844105542 0.079950139 0.486463487 -0.011356915 0.869961143
1750546272499276288.000000 -0.820293903 -0.012897376 -0.852492809 0.079382576 0.480863094 -0.011644990 0.873117149
1750546272532617984.000000 -0.804949582 -0.014040966 -0.851860285 0.078678340 0.477231890 -0.011124270 0.875177562
1750546272565960192.000000 -0.791484594 -0.015896961 -0.843401015 0.077545494 0.474362999 -0.010359029 0.876846135
1750546272599302144.000000 -0.778718472 -0.017995376 -0.835049748 0.076694489 0.471553147 -0.009895240 0.878440499
1750546272632643584.000000 -0.766663611 -0.019661175 -0.826799393 0.076465674 0.468910873 -0.009860804 0.879874110
1750546272665985792.000000 -0.754965305 -0.021206208 -0.817701340 0.076501921 0.466733098 -0.010603878 0.881019473
1750546272732669696.000000 -0.727420449 -0.034051649 -0.786017179 0.072175816 0.463752240 -0.011370460 0.882946968
1750546272766011392.000000 -0.719301105 -0.024325538 -0.798073769 0.071477726 0.459077775 -0.011980281 0.885434926
1750546272799353344.000000 -0.709785819 -0.023954717 -0.789576411 0.068606004 0.457241327 -0.012067569 0.886610448
1750546272832695296.000000 -0.700678110 -0.024121774 -0.780384779 0.066469625 0.455562025 -0.011994107 0.887638032
1750546272866037248.000000 -0.691146612 -0.025476953 -0.771479368 0.065860540 0.454510301 -0.012308533 0.888218105
1750546272899379200.000000 -0.682962477 -0.027158646 -0.761106610 0.065699279 0.454349846 -0.012374592 0.888311207
1750546272932719872.000000 -0.673569679 -0.028868780 -0.750829101 0.066349044 0.454146564 -0.012495409 0.888365149
1750546272966062080.000000 -0.659516752 -0.034097441 -0.738868594 0.067117363 0.453308225 -0.012683006 0.888732910
1750546272999403776.000000 -0.652768910 -0.035386838 -0.728941619 0.068831615 0.452768236 -0.012987711 0.888872623
1750546273032745728.000000 -0.644291162 -0.035766076 -0.718474209 0.068822257 0.452780545 -0.012157896 0.888878822
1750546273066087680.000000 -0.634138525 -0.034705542 -0.707668364 0.067939572 0.453661561 -0.010940042 0.888513207
1750546273099429632.000000 -0.624535263 -0.033474572 -0.696219444 0.067491464 0.455243230 -0.010380220 0.887744725
1750546273166113536.000000 -0.604906321 -0.031446092 -0.671464086 0.066389643 0.459820181 -0.010716229 0.885461986
1750546273199455232.000000 -0.588704348 -0.024957636 -0.680635571 0.068528190 0.458442688 -0.011925803 0.885997772
1750546273232796672.000000 -0.580088615 -0.022642588 -0.669102073 0.069696449 0.460666537 -0.013633021 0.884727597
1750546273266138112.000000 -0.570592761 -0.021725532 -0.655843198 0.069635034 0.463211596 -0.014929934 0.883381665
1750546273299479552.000000 -0.561487496 -0.021905920 -0.643018842 0.068941131 0.466306359 -0.016087072 0.881786108
1750546273332821248.000000 -0.551575482 -0.022470135 -0.630799949 0.068826795 0.470040113 -0.016711155 0.879798770
1750546273366162176.000000 -0.545127869 -0.029972769 -0.607327580 0.067448482 0.476080000 -0.016543753 0.876655519
1750546273432844288.000000 -0.528027475 -0.027170708 -0.592570782 0.067810081 0.483653426 -0.017690474 0.872449517
1750546273466185728.000000 -0.521158695 -0.027489966 -0.582946897 0.067782842 0.487665087 -0.017660769 0.870216310
1750546273499527168.000000 -0.513669372 -0.028205648 -0.572697639 0.067822412 0.490885317 -0.017781319 0.868398249
1750546273532868608.000000 -0.505928516 -0.029639632 -0.564000964 0.067990281 0.493260503 -0.017856287 0.867036700
1750546273566210048.000000 -0.498474687 -0.029297454 -0.554861069 0.068425223 0.495431334 -0.017552678 0.865770042
1750546273599551488.000000 -0.490613073 -0.037464380 -0.537585497 0.067044422 0.498891592 -0.016609889 0.863907635
1750546273666234368.000000 -0.476091236 -0.039247513 -0.520642936 0.065566391 0.503648400 -0.014403892 0.861296654
1750546273699575552.000000 -0.466654778 -0.036799841 -0.519575715 0.065741979 0.503612936 -0.013419889 0.861319840
1750546273732917248.000000 -0.458901048 -0.037921347 -0.513861358 0.066076241 0.503456056 -0.012787619 0.861395597
1750546273766258688.000000 -0.450146616 -0.038865123 -0.507501364 0.066016749 0.502597213 -0.012314840 0.861908495
1750546273832940544.000000 -0.431668580 -0.039520949 -0.493694991 0.063418411 0.499686569 -0.009892145 0.863824964
1750546273866281984.000000 -0.421482474 -0.038110852 -0.487184435 0.062160645 0.497632205 -0.008794879 0.865113258
1750546273899623680.000000 -0.412829816 -0.039612584 -0.480196059 0.060759816 0.495434105 -0.007090902 0.866488993
1750546273932965120.000000 -0.401915818 -0.039118741 -0.475410968 0.060199462 0.492241442 -0.005939591 0.868354321
1750546273999647744.000000 -0.381015390 -0.038840018 -0.464259833 0.061156936 0.487220228 -0.004434300 0.871123791
1750546274032989184.000000 -0.370391369 -0.037779521 -0.459162444 0.062210508 0.484883666 -0.004046777 0.872353911
1750546274066330880.000000 -0.359632641 -0.036371831 -0.454482019 0.064225838 0.482740700 -0.003274077 0.873399019
1750546274099672320.000000 -0.351939946 -0.046081282 -0.446166784 0.064290158 0.482071519 -0.001372201 0.873768866
1750546274166355200.000000 -0.324940860 -0.044674553 -0.440206587 0.068732798 0.475898236 -0.001301223 0.876809597
1750546274199696640.000000 -0.314002424 -0.045856651 -0.434314311 0.071395420 0.472558588 -0.001883473 0.878400624
1750546274233037824.000000 -0.301816732 -0.047435384 -0.427349776 0.072604656 0.468313009 -0.002060221 0.880572200
1750546274299719424.000000 -0.276944429 -0.048877209 -0.412842572 0.075134628 0.457730144 -0.002396985 0.885907590
1750546274333060608.000000 -0.264466137 -0.049724109 -0.405952871 0.075931944 0.451709747 -0.002393974 0.888924658
1750546274366401792.000000 -0.251660019 -0.057694659 -0.394678652 0.074391663 0.445894092 -0.002153922 0.891986489
1750546274399742976.000000 -0.235111490 -0.056786329 -0.394656569 0.074920341 0.436614782 -0.002352010 0.896520555
1750546274433084416.000000 -0.223077923 -0.058925468 -0.386267185 0.073873803 0.427838176 -0.003077524 0.900826097
1750546274466425344.000000 -0.210864589 -0.061139226 -0.377351373 0.071603663 0.417259395 -0.004023994 0.905953288
1750546274533108224.000000 -0.189606532 -0.065776072 -0.357839704 0.065815367 0.391401023 -0.007242478 0.917835057
1750546274566449152.000000 -0.180814773 -0.068247244 -0.349331021 0.063513674 0.376616836 -0.008990168 0.924145579
1750546274599790592.000000 -0.171242774 -0.070136636 -0.339902103 0.061290465 0.360707492 -0.010222081 0.930606902
1750546274633131776.000000 -0.156896621 -0.069289006 -0.333960205 0.058814354 0.342566699 -0.011365261 0.937581956
1750546274666472960.000000 -0.147365242 -0.070915215 -0.326082855 0.055446148 0.325771481 -0.011484153 0.943751454
1750546274699814400.000000 -0.138616309 -0.072165601 -0.316365778 0.052076548 0.309629381 -0.011314385 0.949362814
1750546274733154560.000000 -0.129942164 -0.074827820 -0.306868702 0.048786942 0.293152064 -0.011607335 0.954749703
1750546274766495744.000000 -0.123394608 -0.076115221 -0.297995001 0.045983549 0.276586682 -0.011665406 0.959817350
1750546274799836928.000000 -0.116080418 -0.076618910 -0.288007498 0.042859409 0.259641588 -0.011449284 0.964685559
1750546274833178112.000000 -0.109179609 -0.073957473 -0.280761808 0.039822243 0.241616741 -0.011109881 0.969490707
1750546274899860480.000000 -0.101275630 -0.076980159 -0.261718512 0.035120398 0.206651777 -0.009486192 0.977738023
1750546274933201664.000000 -0.106786251 -0.079503171 -0.245497882 0.033219349 0.191804096 -0.009570814 0.980824232
1750546274966542848.000000 -0.097139180 -0.077625848 -0.243226483 0.031926952 0.172213167 -0.009445122 0.984496891
1750546274999884032.000000 -0.096368179 -0.076905578 -0.233119428 0.031118406 0.155150577 -0.009130480 0.987358391
1750546275033224960.000000 -0.097287357 -0.077222183 -0.221994370 0.030435409 0.136534423 -0.009545392 0.990121722
1750546275066566400.000000 -0.094765328 -0.077317581 -0.211737916 0.029309260 0.115946226 -0.009914071 0.992773533
1750546275099907328.000000 -0.097071007 -0.077464454 -0.200458169 0.028298413 0.095456280 -0.010213437 0.994978905
1750546275133248768.000000 -0.099553570 -0.077024013 -0.188366950 0.026845543 0.074170940 -0.010447868 0.996829450
1750546275166588672.000000 -0.102800421 -0.076027438 -0.175141260 0.025720224 0.053095400 -0.010670736 0.998201191
1750546275199930112.000000 -0.103417434 -0.073764600 -0.165606126 0.025106562 0.033173364 -0.010254885 0.999081671
1750546275233271808.000000 -0.107846878 -0.072220862 -0.153518111 0.023729820 0.015254961 -0.009559147 0.999556363
1750546275266613504.000000 -0.112648450 -0.070726894 -0.140515581 0.021833587 -0.000982829 -0.009149455 0.999719322
1750546275299955200.000000 -0.123849548 -0.070204675 -0.131217837 0.020739431 -0.015525398 -0.009428762 0.999619901
1750546275333296640.000000 -0.119443439 -0.069154195 -0.114806391 0.021063870 -0.029339084 -0.008781319 0.999308944
1750546275366638336.000000 -0.126097903 -0.068213962 -0.103125438 0.022225257 -0.043123949 -0.009825501 0.998774171
1750546275399980032.000000 -0.135853678 -0.066377766 -0.096534491 0.023418920 -0.057402316 -0.010914329 0.998016834
1750546275433321472.000000 -0.136444643 -0.067290716 -0.080157951 0.024718910 -0.069860473 -0.009127895 0.997208714
1750546275466663168.000000 -0.142827556 -0.067698173 -0.068139583 0.025912853 -0.081729777 -0.008655638 0.996280015
1750546275500004864.000000 -0.149018496 -0.068437621 -0.056293990 0.026760938 -0.092970818 -0.008063844 0.995276570
1750546275566688256.000000 -0.162160352 -0.071063906 -0.030053116 0.027200742 -0.112950109 -0.004484314 0.993218184
1750546275600028672.000000 -0.166927934 -0.070525624 -0.019645905 0.026906416 -0.122075394 -0.002556882 0.992152810
1750546275633370368.000000 -0.170370966 -0.066449337 -0.011809792 0.027613187 -0.130619958 -0.000462580 0.991047800
1750546275666712064.000000 -0.174545363 -0.064232163 -0.001113056 0.028516753 -0.138293996 0.002205228 0.989978135
1750546275733395456.000000 -0.185480312 -0.061163645 0.020638227 0.027915064 -0.152383298 0.006474101 0.987906039
1750546275766736896.000000 -0.191727549 -0.060418230 0.031153914 0.027182093 -0.159712151 0.007219942 0.986762941
1750546275833420544.000000 -0.204977021 -0.060886636 0.054243572 0.027334962 -0.174837172 0.008857840 0.984178007
1750546275866762240.000000 -0.218620479 -0.065351225 0.060201552 0.026972141 -0.182281286 0.008336670 0.982841074
1750546275900103680.000000 -0.226321787 -0.065077946 0.069854818 0.027008543 -0.191109657 0.008746211 0.981158137
1750546275966787072.000000 -0.237999320 -0.061783709 0.094808601 0.025098167 -0.209146574 0.009116460 0.977519631
1750546276000129024.000000 -0.243023634 -0.058659062 0.108919099 0.023502942 -0.217544958 0.010097553 0.975715041
1750546276033470720.000000 -0.248495117 -0.056643210 0.123581730 0.021734504 -0.225401893 0.010937274 0.973962069
1750546276066811392.000000 -0.253993988 -0.054974660 0.138295829 0.020081671 -0.232670054 0.011760551 0.972277343
1750546276133494528.000000 -0.256439596 -0.045367502 0.176081240 0.015869349 -0.247769520 0.013967473 0.968588352
1750546276166836480.000000 -0.270267338 -0.048057564 0.183526903 0.012742338 -0.253770322 0.013714000 0.967083395
1750546276200177408.000000 -0.275424927 -0.047005616 0.199767858 0.010059332 -0.259913504 0.015269066 0.965458810
1750546276233518080.000000 -0.279711843 -0.047060885 0.215705872 0.008453884 -0.265630096 0.017178355 0.963884890
1750546276300199168.000000 -0.288997054 -0.048702210 0.247242823 0.010748813 -0.275970578 0.023269210 0.960824251
1750546276333539840.000000 -0.293617845 -0.050776672 0.262472510 0.011697392 -0.280838877 0.026298994 0.959323287
1750546276366880256.000000 -0.298972368 -0.051303007 0.280530781 0.011879066 -0.285438299 0.028969774 0.957885504
1750546276400220672.000000 -0.305410653 -0.051868692 0.296386719 0.011802501 -0.289987713 0.030651459 0.956466675
1750546276433561344.000000 -0.311476856 -0.052577678 0.311215430 0.011843723 -0.294939339 0.031696953 0.954916716
1750546276500241408.000000 -0.324938536 -0.053627945 0.339199722 0.015252335 -0.305108815 0.032883879 0.951627433
1750546276533581824.000000 -0.341762602 -0.048828695 0.353935212 0.016308513 -0.309159905 0.032220371 0.950324178
1750546276566922496.000000 -0.324510098 -0.043169286 0.383713931 0.015118340 -0.317292780 0.033738967 0.947606742
1750546276633603328.000000 -0.341141641 -0.044256397 0.407198250 0.013825984 -0.326500386 0.033393327 0.944505870
1750546276700284416.000000 -0.355732352 -0.043534998 0.430326045 0.013869766 -0.334843159 0.034021869 0.941557407
1750546276733624832.000000 -0.362494648 -0.042535584 0.441413224 0.014166446 -0.338454992 0.034641910 0.940238059
1750546276766965504.000000 -0.370047778 -0.042259112 0.452988029 0.013018564 -0.341355354 0.034809295 0.939199388
1750546276833646336.000000 -0.382045746 -0.040788930 0.481805921 0.010306525 -0.346422642 0.034741729 0.937378347
1750546276866986752.000000 -0.390942246 -0.041021366 0.491707951 0.010130217 -0.347809732 0.034897223 0.936860740
1750546276900327424.000000 -0.400048465 -0.040242579 0.501834929 0.010397446 -0.349314839 0.034640741 0.936307192
1750546276967007488.000000 -0.420944780 -0.036193155 0.521208286 0.012070563 -0.351065934 0.034477137 0.935638011
1750546277000347648.000000 -0.432320654 -0.033370715 0.531780958 0.010360686 -0.350761980 0.032940395 0.935827851
1750546277067028480.000000 -0.452196956 -0.026817869 0.558936000 0.008367954 -0.348617941 0.029636113 0.936758935
1750546277100369152.000000 -0.465015888 -0.024470378 0.568890333 0.008610965 -0.346426487 0.027911289 0.937622309
1750546277167050240.000000 -0.488355398 -0.020059926 0.587478280 0.012954610 -0.341157615 0.025980806 0.939557731
1750546277200391168.000000 -0.500374675 -0.018870592 0.597246826 0.014741316 -0.337739736 0.025001463 0.940792024
1750546277267074304.000000 -0.526402652 -0.018112782 0.615348816 0.018559573 -0.332700580 0.021788646 0.942598045
1750546277300416000.000000 -0.540291309 -0.018870778 0.624527931 0.020547420 -0.330649436 0.019684242 0.943324625
1750546277367099648.000000 -0.567497134 -0.022368129 0.644879997 0.025334630 -0.323484331 0.016686568 0.945747137
1750546277400440320.000000 -0.579503655 -0.021407051 0.654010653 0.026567141 -0.318481773 0.015831912 0.947424352
1750546277467123456.000000 -0.603668749 -0.018904597 0.672894478 0.024863135 -0.309004545 0.013487774 0.950639904
1750546277500465408.000000 -0.614451766 -0.017718010 0.682660878 0.024637222 -0.304918021 0.012502177 0.951977789
1750546277567148800.000000 -0.635339022 -0.016673515 0.702938914 0.022837467 -0.297816545 0.010052524 0.954296947
1750546277600490496.000000 -0.644182444 -0.018709049 0.713965118 0.021480903 -0.294727683 0.009196098 0.955295563
1750546277633832192.000000 -0.652343333 -0.017936001 0.725156605 0.020318212 -0.291807920 0.009339592 0.956215560
1750546277700516096.000000 -0.666671515 -0.016151898 0.747126579 0.018642902 -0.286608785 0.011368221 0.957798898
1750546277733857280.000000 -0.672550499 -0.014768107 0.758782983 0.018775379 -0.284793079 0.013086758 0.958315849
1750546277800540928.000000 -0.683882356 -0.012312626 0.782930672 0.019841310 -0.282076359 0.016673531 0.959041893
1750546277833881856.000000 -0.691474736 -0.013278464 0.797333837 0.019655092 -0.280957758 0.018352685 0.959343374
1750546277900565248.000000 -0.702892184 -0.009211503 0.824199736 0.016543722 -0.281181574 0.021487137 0.959271371
1750546277933906944.000000 -0.708945155 -0.007134630 0.839846969 0.014058447 -0.282698154 0.023740748 0.958812058
1750546278000590592.000000 -0.719832718 -0.002711637 0.871146619 0.010066143 -0.289257258 0.029662317 0.956738830
1750546278033932544.000000 -0.726212859 -0.002059644 0.886169553 0.008562448 -0.294056147 0.032830004 0.955185831
1750546278100615936.000000 -0.741266727 -0.003135040 0.915036738 0.010615526 -0.310323745 0.037369195 0.949836850
1750546278133957888.000000 -0.749335945 -0.003399467 0.929336727 0.012695743 -0.321065307 0.038478553 0.946189880
1750546278200641280.000000 -0.765511274 -0.003695469 0.957197428 0.013669973 -0.342411488 0.041204877 0.938546658
1750546278233982464.000000 -0.774333358 -0.003725491 0.971074283 0.013548831 -0.353439987 0.042072359 0.934412420
1750546278300664832.000000 -0.793367207 -0.005983658 0.996652246 0.014440910 -0.378584951 0.042795397 0.924463928
1750546278334006272.000000 -0.802940488 -0.008230902 1.011469841 0.013135410 -0.394603372 0.040808614 0.917850912
1750546278400689408.000000 -0.826936543 -0.008079965 1.032652378 0.010509562 -0.432697773 0.034222793 0.900827944
1750546278434030848.000000 -0.838925421 -0.006840665 1.042180777 0.009168900 -0.453366041 0.031306181 0.890727282
1750546278500713728.000000 -0.862562418 -0.005049037 1.058360100 0.004173509 -0.494355738 0.026927104 0.868832588
1750546278534055424.000000 -0.874302566 -0.004513774 1.065589428 0.001882207 -0.514491141 0.025129637 0.857125342
1750546278600738560.000000 -0.895046949 -0.006132662 1.081847906 -0.005077820 -0.554914057 0.021513280 0.831614017
1750546278667421696.000000 -0.917570949 -0.004829604 1.088863134 -0.008559051 -0.594624817 0.020268928 0.803702176
1750546278700763136.000000 -0.928084850 -0.003829272 1.091567993 -0.010303451 -0.613419414 0.020168971 0.789432526
1750546278767445248.000000 -0.948759794 -0.001760274 1.094050646 -0.011852245 -0.648301303 0.022095460 0.760971010
1750546278800787200.000000 -0.959649980 -0.000805467 1.093706846 -0.012069860 -0.665472806 0.023750063 0.745946527
1750546278834128640.000000 -0.970213890 0.000511110 1.094038010 -0.012343165 -0.682197571 0.025694648 0.730612099
1750546278867470336.000000 -0.983086944 -0.001939686 1.099091053 -0.012491804 -0.698232830 0.027051454 0.715250432
1750546278934153216.000000 -1.006207108 0.001332929 1.094767332 -0.013338701 -0.726592362 0.028169932 0.686361551
1750546278967494912.000000 -1.018779993 0.003804361 1.091002345 -0.014469055 -0.739281237 0.028011128 0.672658384
1750546279000836352.000000 -1.031844020 0.005372894 1.086648464 -0.014450083 -0.751296461 0.028096844 0.659208238
1750546279067519744.000000 -1.057196140 0.009157167 1.079048634 -0.014472913 -0.773009956 0.029930899 0.633522153
1750546279100861184.000000 -1.072150469 0.011636825 1.080340266 -0.014175757 -0.783462763 0.030860709 0.620510161
1750546279167543296.000000 -1.097165346 0.010567011 1.066091776 0.015110254 0.799884796 -0.031252187 -0.599148929
1750546279200884992.000000 -1.110231876 0.010694792 1.059388041 0.015719233 0.806925833 -0.031212274 -0.589618087
1750546279234226176.000000 -1.123984814 0.011305919 1.052969217 0.016566481 0.813467026 -0.031095704 -0.580542862
1750546279267567616.000000 -1.137513399 0.011143695 1.046257854 0.018544996 0.819420159 -0.030801866 -0.572064757
1750546279334250240.000000 -1.162401438 0.013185512 1.033531189 0.023251906 0.828604400 -0.033702094 -0.558335364
1750546279367591936.000000 -1.179130554 0.013685562 1.027300954 -0.026057977 -0.832406938 0.035146646 0.552435100
1750546279400933120.000000 -1.190803528 0.014470669 1.022766113 0.028115179 0.835848451 -0.036005262 -0.547056317
1750546279467615488.000000 -1.212483406 0.016479405 1.009604931 0.030908555 0.842317998 -0.035254918 -0.536937833
1750546279500956928.000000 -1.224806666 0.018015157 1.002325773 0.031964861 0.845598936 -0.035096209 -0.531703949
1750546279534298368.000000 -1.236252427 0.018465795 0.996127486 0.032697350 0.848772943 -0.034369767 -0.526625276
1750546279600980224.000000 -1.256454229 0.017504005 0.985248566 -0.031404484 -0.854871571 0.034973640 0.516706049
1750546279634321408.000000 -1.266315460 0.017149059 0.980565608 -0.031151021 -0.857998967 0.037159752 0.511357665
1750546279701004288.000000 -1.288392663 0.018665509 0.970281005 -0.032069914 -0.864209414 0.043217070 0.500245869
1750546279767686912.000000 -1.314449549 0.022400523 0.958652675 -0.034626424 -0.870145977 0.045585178 0.489457905
1750546279801028352.000000 -1.330750465 0.026820594 0.947127104 0.036522891 0.872994602 -0.042891432 -0.484465569
1750546279867710720.000000 -1.362466931 0.034182608 0.932996273 0.042154275 0.878222466 -0.038100388 -0.474864990
1750546279901052160.000000 -1.379039884 0.037999243 0.926045716 0.044307053 0.880137384 -0.036718201 -0.471218556
1750546279967735040.000000 -1.410084128 0.041490659 0.913067222 0.045452341 0.883544743 -0.038362224 -0.464554787
1750546280001076480.000000 -1.425695777 0.042522989 0.907218814 0.045945831 0.884986043 -0.041791748 -0.461456656
1750546280067758080.000000 -1.458067536 0.043074042 0.894793153 0.047725547 0.887472689 -0.046818428 -0.455985278
1750546280134440960.000000 -1.488965154 0.042076468 0.882884264 -0.048793934 -0.889174581 0.049898420 0.452214539
1750546280201123840.000000 -1.523501992 0.041033410 0.868138790 0.048885990 0.890241921 -0.050822556 -0.449996293
1750546280234465536.000000 -1.538181067 0.041950386 0.860509157 0.048985820 0.890875101 -0.050512809 -0.448765427
1750546280267807232.000000 -1.552182198 0.042098731 0.853165269 0.049148399 0.891915262 -0.050005246 -0.446733803
1750546280334490880.000000 -1.578092098 0.043388233 0.838240027 0.048834812 0.894481719 -0.050714619 -0.441526592
1750546280401174272.000000 -1.602714419 0.042757072 0.821911097 0.047767490 0.897960186 -0.051497061 -0.434435159
1750546280434515968.000000 -1.614135265 0.042489834 0.812919021 0.046974763 0.899248421 -0.052035149 -0.431784719
1750546280501198592.000000 -1.636822462 0.042670496 0.794731140 0.045486204 0.902081549 -0.049693044 -0.426275313
1750546280534540288.000000 -1.648016930 0.042035792 0.784082770 -0.044897180 -0.903775752 0.047022309 0.423039675
1750546280601223680.000000 -1.674302816 0.044572264 0.767043352 0.045613732 0.906537294 -0.045708582 -0.417157441
1750546280634565376.000000 -1.684544086 0.046784714 0.758271694 0.045658838 0.907107234 -0.046508774 -0.415822923
1750546280701249024.000000 -1.707736015 0.047631472 0.737670302 0.046334572 0.907584369 -0.046587709 -0.414696723
1750546280767932672.000000 -1.729655862 0.051968466 0.717405438 0.046322215 0.907466888 -0.046903778 -0.414919466
1750546280834616064.000000 -1.751144648 0.058613587 0.694344878 0.045494039 0.907184362 -0.045748584 -0.415757090
1750546280867958016.000000 -1.761443615 0.061156869 0.682426453 0.044790335 0.906881034 -0.045154601 -0.416559398
1750546280901299712.000000 -1.771537542 0.063363090 0.670400620 0.043226577 0.906307280 -0.045644604 -0.417917609
1750546280967982336.000000 -1.791007280 0.065924935 0.647800565 -0.041444004 -0.903813064 0.047066413 0.423307419
1750546281001324032.000000 -1.801638365 0.065553777 0.639339447 0.041099504 0.901867509 -0.047899932 -0.427377492
1750546281068007424.000000 -1.822345495 0.064866289 0.620360255 0.038993184 0.898174942 -0.050361112 -0.435000151
1750546281101349376.000000 -1.832336187 0.064970165 0.609322071 0.038706884 0.896559536 -0.050395437 -0.438341409
1750546281168032768.000000 -1.852722406 0.066384569 0.587219000 0.040695325 0.893276095 -0.050329175 -0.444824368
1750546281234715392.000000 -1.875217438 0.066837691 0.564886212 0.042998631 0.889867544 -0.048767902 -0.451562524
1750546281268056576.000000 -1.886606932 0.066776879 0.554346919 0.044337217 0.888223708 -0.046946604 -0.454850525
1750546281334738944.000000 -1.907886982 0.067972921 0.530874372 -0.047396507 -0.884691834 0.042336974 0.461824238
1750546281368080128.000000 -1.919665813 0.068265170 0.521597624 0.048886467 0.883400083 -0.039637186 -0.464374244
1750546281434761216.000000 -1.943311810 0.068900250 0.504967213 0.051782720 0.881633162 -0.036788024 -0.467641085
1750546281468102144.000000 -1.954981089 0.068759695 0.497670174 0.053248752 0.881408036 -0.036145285 -0.467950761
1750546281534784256.000000 -1.977674961 0.070630550 0.481392145 0.056000683 0.881870747 -0.035105456 -0.466835737
1750546281568125440.000000 -1.989702225 0.072556026 0.472913265 0.057353292 0.882800221 -0.034168430 -0.464980572
1750546281634807808.000000 -2.015562057 0.078847319 0.454618692 0.060466256 0.887534916 -0.027956706 -0.455899179
1750546281668148992.000000 -2.026705503 0.078924946 0.441693544 -0.062014177 -0.891123474 0.024317026 0.448845088
1750546281734831104.000000 -2.054469824 0.084400304 0.425551176 0.064795218 0.899995327 -0.021114461 -0.430539578
1750546281801513216.000000 -2.079632998 0.088743530 0.410680532 0.065647244 0.908950388 -0.021825027 -0.411124557
1750546281834853120.000000 -2.092386246 0.089644790 0.402263403 0.065100841 0.914041281 -0.022829039 -0.399711549
1750546281901535488.000000 -2.117055178 0.090341501 0.387413263 0.065317221 0.925743461 -0.024853181 -0.371638358
1750546281934876416.000000 -2.129982710 0.089992002 0.378937006 0.065633215 0.931749701 -0.024896422 -0.356251270
1750546281968217600.000000 -2.142241955 0.089487754 0.370596766 0.065799244 0.937389195 -0.025940767 -0.341026634
1750546282034899712.000000 -2.164951563 0.085724063 0.352975130 0.065389477 0.948062599 -0.028745739 -0.309960276
1750546282068240640.000000 -2.172517776 0.084267333 0.343459725 -0.065726891 -0.953502893 0.027601933 0.292831749
1750546282134922752.000000 -2.191245079 0.084432781 0.322254896 0.066364571 0.964540899 -0.023956118 -0.254328191
1750546282168263936.000000 -2.198954821 0.083727032 0.313418746 0.066468731 0.970041156 -0.022336125 -0.232601106
1750546282201604864.000000 -2.205818415 0.084347159 0.303065181 0.066219695 0.975257814 -0.020838797 -0.209887967
1750546282268284672.000000 -2.216707468 0.085559219 0.283207238 0.066910960 0.984235287 -0.016596926 -0.162875220
1750546282301625088.000000 -2.221805811 0.086446643 0.271845877 0.067679919 0.987910211 -0.013935215 -0.138775572
1750546282368305920.000000 -2.225583076 0.085225999 0.250411868 0.067421719 0.993803144 -0.010270055 -0.087773360
1750546282401646336.000000 -2.227158546 0.085703462 0.238686055 0.067428991 0.995817542 -0.008990087 -0.060992584
1750546282434986752.000000 -2.228528976 0.084378779 0.225228041 -0.067230701 -0.997115552 0.008096338 0.034279779
1750546282501667840.000000 -2.225816488 0.085154057 0.204101264 0.068763524 0.997489512 -0.010446740 0.013308531
1750546282535008000.000000 -2.223926783 0.085264310 0.194343925 0.069749154 0.996870458 -0.012544059 0.035028651
1750546282601688832.000000 -2.216204166 0.086574271 0.172874987 0.069335714 0.994431674 -0.015092072 0.077912807
1750546282635029248.000000 -2.210780382 0.087896302 0.160748243 0.069133379 0.992601752 -0.014720965 0.098720253
1750546282701710080.000000 -2.198169231 0.090725884 0.136322021 0.066174440 0.988656998 -0.014184156 0.134078711
1750546282735049216.000000 -2.190572977 0.092504337 0.124626517 0.063120291 0.986820340 -0.015222742 0.148221865
1750546282768389632.000000 -2.181727886 0.093796536 0.114232540 0.060145516 0.985032499 -0.017292893 0.160606682
1750546282801729792.000000 -2.172502995 0.095221952 0.103429675 0.057913527 0.983319581 -0.020007195 0.171255544
1750546282868410624.000000 -2.156866312 0.095396698 0.083085537 -0.053904857 -0.980082273 0.026181227 -0.189334810
1750546282901751040.000000 -2.148203373 0.097022831 0.071879029 -0.052152965 -0.978791118 0.028268736 -0.196083859
1750546282935091200.000000 -2.139328480 0.098559976 0.060071230 -0.051169831 -0.977802157 0.028406477 -0.201190799
1750546282968431616.000000 -2.130817890 0.099113837 0.048180938 -0.050718572 -0.977012455 0.028738916 -0.205056906
1750546283035112448.000000 -2.117967129 0.095180944 0.029005766 0.052287605 0.975843430 -0.031183343 0.209817544
1750546283068452608.000000 -2.111254692 0.093584061 0.018365264 0.053836383 0.975410819 -0.031617187 0.211366773
1750546283101793024.000000 -2.104926109 0.092041165 0.007583976 0.055682685 0.974835694 -0.032490324 0.213399366
1750546283168472576.000000 -2.093380928 0.089619100 -0.014004230 0.058774263 0.973099530 -0.032178670 0.220425650
1750546283201812992.000000 -2.087853432 0.088029563 -0.025230050 0.060072411 0.972061038 -0.031247098 0.224749506
1750546283235154176.000000 -2.082634449 0.086532861 -0.037526965 0.061521936 0.971207738 -0.028823601 0.228341609
1750546283301835776.000000 -2.070548058 0.085244447 -0.061654329 0.063497141 0.970352829 -0.022696586 0.232095897
1750546283335176448.000000 -2.063912868 0.083645493 -0.073663950 0.064558461 0.970134079 -0.019389428 0.233015522
1750546283368517632.000000 -2.054609299 0.083731294 -0.088908792 -0.065773077 -0.969895780 0.017076610 -0.233847246
1750546283401858304.000000 -2.049884558 0.083768934 -0.100248337 -0.067203268 -0.969440341 0.015557989 -0.235429615
1750546283435199232.000000 -2.044206858 0.083208054 -0.112441063 -0.068297513 -0.968837738 0.014135072 -0.237674385
1750546283501880832.000000 -2.032002449 0.082086101 -0.139083982 -0.069158442 -0.967583120 0.010163741 -0.242686629
1750546283535221504.000000 -2.025565624 0.084386453 -0.151742697 -0.069355875 -0.967010021 0.007445390 -0.245001972
1750546283568562432.000000 -2.018512249 0.085368544 -0.166395545 -0.069200426 -0.966403067 0.003979390 -0.247508928
1750546283635243264.000000 -2.004103184 0.086272851 -0.196468115 -0.069371693 -0.964967668 -0.002174021 -0.253022373
1750546283668583936.000000 -1.997382522 0.087230042 -0.211023211 -0.069642231 -0.963998556 -0.004129811 -0.256592721
1750546283701924864.000000 -1.990182400 0.088265553 -0.225520968 -0.070104450 -0.962873101 -0.004265863 -0.260658056
1750546283768606464.000000 -1.976533055 0.088478923 -0.256157041 -0.072504625 -0.960035026 -0.003596474 -0.270301580
1750546283801947392.000000 -1.969860435 0.087671965 -0.272472978 -0.074640960 -0.958536744 -0.001562448 -0.275015891
1750546283835287808.000000 -1.964220643 0.086214378 -0.289180636 -0.075996354 -0.957211673 -0.000854648 -0.279230654
1750546283901969408.000000 -1.949470758 0.081431791 -0.321976423 0.077868715 0.954936206 0.000201115 0.286414593
1750546283935310336.000000 -1.943002582 0.079352394 -0.338077307 0.078840099 0.953930676 0.000263673 0.289483279
1750546283968651008.000000 -1.936877370 0.077146500 -0.353127003 0.079117045 0.952888966 -0.001018250 0.292817652
1750546284001991680.000000 -1.930088639 0.075440422 -0.367454529 0.079340622 0.951862693 -0.002989120 0.296063513
1750546284035332352.000000 -1.926097393 0.075366810 -0.380526900 -0.079794943 -0.950947881 0.003519055 -0.298862189
1750546284102012928.000000 -1.913879395 0.072883144 -0.406060457 -0.080741212 -0.949666917 0.004581800 -0.302642554
1750546284135353856.000000 -1.907770872 0.072461993 -0.418243408 -0.080451116 -0.949386001 0.004795936 -0.303596735
1750546284168694528.000000 -1.900756240 0.071724966 -0.429529428 -0.079122201 -0.949280500 0.002993851 -0.304298073
1750546284235377664.000000 -1.885913968 0.068754002 -0.452340484 -0.076166213 -0.948801696 0.000061921 -0.306551933
1750546284268719360.000000 -1.878657579 0.067627519 -0.462861061 -0.074360020 -0.948340297 -0.002189503 -0.308409750
1750546284335403008.000000 -1.864959478 0.065518633 -0.483299494 -0.073888503 -0.947582722 -0.004519234 -0.310816854
1750546284368745216.000000 -1.858192086 0.064483538 -0.493155241 -0.074519090 -0.947326303 -0.005392470 -0.311433345
1750546284402086912.000000 -1.850426912 0.061163187 -0.503533840 0.074854121 0.947083354 0.006463698 0.312070996
1750546284435428608.000000 -1.844876409 0.061306223 -0.513719440 0.075273231 0.946724772 0.006533616 0.313055009
1750546284502111744.000000 -1.829975486 0.060413063 -0.533105135 0.075671159 0.946164191 0.007305115 0.314633131
1750546284535453440.000000 -1.822941780 0.062241614 -0.542088509 -0.075294420 -0.946054399 -0.008033860 -0.315035343
1750546284602137088.000000 -1.806985259 0.064421400 -0.560622454 -0.074651062 -0.946164787 -0.008450071 -0.314845979
1750546284635479040.000000 -1.797849417 0.065373614 -0.569134116 -0.073709764 -0.946126282 -0.008561519 -0.315180480
1750546284668820992.000000 -1.788757086 0.065725148 -0.577769876 -0.072884791 -0.946090341 -0.007500401 -0.315506935
1750546284702162688.000000 -1.778753996 0.065635607 -0.585855842 -0.071993113 -0.946214855 -0.005074966 -0.315386683
1750546284768846848.000000 -1.759469628 0.064363956 -0.603070736 -0.071464285 -0.946937144 -0.001328507 -0.313370794
1750546284802188544.000000 -1.750386357 0.064045981 -0.611118615 -0.071262769 -0.947436273 0.000414498 -0.311907113
1750546284835530496.000000 -1.740527153 0.062666997 -0.619849443 -0.070069194 -0.947790980 0.001354801 -0.311096251
1750546284868872704.000000 -1.726691246 0.061831608 -0.628433764 0.069409363 0.948185682 -0.001199391 0.310040146
1750546284935555584.000000 -1.709991455 0.058344081 -0.647759140 0.071863085 0.949430883 -0.001290448 0.305638999
1750546285002239232.000000 -1.694997787 0.055360243 -0.665393591 0.074093789 0.951803923 -0.000822768 0.297622025
1750546285035581440.000000 -1.686221600 0.056332782 -0.674106002 -0.075166233 -0.952748477 0.000117727 -0.294313490
1750546285068923136.000000 -1.678632498 0.055553764 -0.683146954 -0.075562038 -0.953432262 -0.001887568 -0.291982532
1750546285135607296.000000 -1.662891984 0.053591385 -0.700716913 -0.075260967 -0.954446554 -0.002999742 -0.288719058
1750546285168949248.000000 -1.655141115 0.052435622 -0.710146308 -0.073765248 -0.954861701 -0.004806905 -0.287706077
1750546285235632128.000000 -1.640916467 0.051093981 -0.729580820 -0.071612068 -0.955488443 -0.010005186 -0.286030710
1750546285268973312.000000 -1.635608315 0.050997376 -0.739930451 -0.071234733 -0.955762029 -0.012714225 -0.285101622
1750546285302314496.000000 -1.629525185 0.051022485 -0.749794483 -0.071138941 -0.955980361 -0.015129786 -0.284274220
1750546285335655680.000000 -1.624356627 0.051600501 -0.760217011 -0.071032897 -0.956073821 -0.017190853 -0.283869356
1750546285402337024.000000 -1.611872792 0.050225466 -0.781455874 0.071541853 0.955755532 0.020348093 0.284603477
1750546285435678464.000000 -1.605190277 0.051562101 -0.793668270 0.071045280 0.955288470 0.020655785 0.286268860
1750546285502360832.000000 -1.593577862 0.052596226 -0.817449391 0.069402158 0.953212082 0.023264302 0.293306857
1750546285569043200.000000 -1.582596302 0.058560744 -0.842214584 -0.069380715 -0.949077785 -0.023939507 -0.306373388
1750546285602384640.000000 -1.576892614 0.059759557 -0.855245709 -0.070023537 -0.946331978 -0.022977458 -0.314681828
1750546285635725824.000000 -1.571762323 0.059730217 -0.867847204 -0.070822895 -0.943313956 -0.020884067 -0.323584467
1750546285702408192.000000 -1.561450481 0.058329567 -0.892854154 -0.072247356 -0.936509371 -0.017399872 -0.342677474
1750546285735749376.000000 -1.556700468 0.057701498 -0.905158043 -0.072634414 -0.932651579 -0.016527418 -0.353004545
1750546285769090560.000000 -1.551430225 0.056392968 -0.917241991 -0.072620496 -0.928278983 -0.015544520 -0.364393830
1750546285835772160.000000 -1.540103793 0.052886039 -0.937819958 -0.072155222 -0.916915596 -0.013131527 -0.392284453
1750546285869113088.000000 -1.533974767 0.049526393 -0.948166072 0.070406459 0.909708977 0.013478858 0.409012079
1750546285935795456.000000 -1.521696806 0.045763820 -0.966304541 0.066046655 0.892309070 0.014515572 0.446331501
1750546285969136896.000000 -1.514804840 0.043304816 -0.976083636 0.064594254 0.882283390 0.014848281 0.466029197
1750546286035819264.000000 -1.503790379 0.039737158 -0.997101903 -0.063971467 -0.860470951 -0.016372256 -0.505202413
1750546286069160448.000000 -1.495712519 0.038012870 -1.005589724 -0.063515902 -0.849234343 -0.017862629 -0.523877680
1750546286102501632.000000 -1.488098741 0.036825106 -1.011520028 -0.062980011 -0.837374449 -0.019553445 -0.542637408
1750546286169184000.000000 -1.471779585 0.034486145 -1.021354437 -0.061295919 -0.812767386 -0.023771994 -0.578866899
1750546286202525696.000000 -1.463157654 0.034379359 -1.023699880 -0.060086254 -0.800195694 -0.024836104 -0.596204400
1750546286269207808.000000 -1.444550514 0.032471955 -1.025677800 -0.056579452 -0.774722278 -0.024983058 -0.629269421
1750546286302549248.000000 -1.435638309 0.031784367 -1.025628567 -0.055122375 -0.761552751 -0.024658963 -0.645283699
1750546286335890944.000000 -1.423898816 0.031314921 -1.020276427 0.053194813 0.748708367 0.024395932 0.660311341
1750546286402574336.000000 -1.400094151 0.023890920 -1.017622471 0.049013074 0.724181235 0.023867873 0.687451541
1750546286435916032.000000 -1.389005065 0.022785624 -1.015561819 0.046763968 0.712843180 0.023224302 0.699377239
1750546286502599168.000000 -1.365778446 0.021094698 -1.007670522 0.042683762 0.692151010 0.022822514 0.720128000
1750546286535940608.000000 -1.357953310 0.024183597 -1.002715111 0.041510928 0.683389723 0.021526895 0.728554785
1750546286569282560.000000 -1.346807003 0.022768881 -0.997869372 0.039220661 0.675354838 0.020537099 0.736162901
